1.0283459516e+01
-6.0052783416e+00
-1.1177661678e+01
9.8377403650e+00
-2.3661036314e-01
6.1460206512e+00
-1.3918485316e+01
-1.0553924533e+01
-1.8701203700e+01
-1.3311371107e+01
-2.4760441930e+01
-4.0475031387e+00
-9.0626382042e+00
1.0249846405e+01
-7.2719678858e+00
-1.1259814615e+01
1.1026722308e+01
3.3993886751e+00
1.1149786831e+01
-6.9219616922e+00
-3.0813439672e+00
-1.1372205622e+01
-1.3636455822e+01
-2.0403872548e+01
-8.0613546120e+00
-1.2482089760e+01
1.0175670408e+01
-8.0144839669e+00
-1.2742242576e+01
9.8691776148e+00
-1.4312031784e+00
6.4908147233e+00
-1.0859049382e+01
-2.0230634318e+00
-1.4526846406e+01
-1.3419543119e+01
-1.5622425790e+01
-7.4067190171e+00
-1.2792020678e+01
1.0232348473e+01
-8.4997960771e+00
-1.3597558259e+01
1.0821385280e+01
5.5024479437e+00
1.0614654048e+01
-1.2138251965e+01
-8.2726507675e+00
-1.5726049431e+01
-1.0023300171e+01
-1.1640921354e+01
-9.4649161631e+00
-1.2831324915e+01
1.0289019344e+01
-8.5298790375e+00
-1.5479067768e+01
1.0384320998e+01
1.9422353077e+00
2.9321913571e+00
-1.3605334047e+01
-4.4426932501e+00
-1.9827300064e+01
-1.1886617275e+01
-1.2033383067e+01
-9.4142278178e+00
-1.9239715219e+01
1.0364917348e+01
-6.2641756849e+00
-9.1029415275e+00
1.3624390845e+01
3.0980706855e+00
1.8785127708e+00
-1.1417541032e+01
5.9484449591e+00
-1.4671524097e+01
-8.9131888361e+00
-1.0372418495e+01
-6.2115869509e-01
-1.4298707266e+01
1.0428590709e+01
-5.5266643014e+00
-8.3898044060e+00
1.6420384277e+01
6.6183329498e+00
1.9776274637e+00
-1.2330212649e+01
2.2103259049e+00
-1.5045526033e+01
-7.6199981016e+00
-1.9060443665e+01
-4.5210168540e+00
-1.2553635092e+01
1.0358293120e+01
-5.5321341221e+00
-9.0080370727e+00
1.5309090303e+01
5.7520694578e+00
-4.9804301215e+00
-1.6765287832e+01
-6.1536091039e-01
-5.6113808108e+00
4.7448869294e+00
-1.9080091742e+01
-1.3038337221e+01
-1.4263281460e+01
1.0304528185e+01
-4.4469795599e+00
-1.0063700909e+01
1.1673152735e+01
3.4601122671e+00
-3.1230063012e+00
-1.2217712756e+01
-5.8563940545e+00
-1.0517070352e+01
2.1458747925e+00
-1.7155837132e+01
-1.2811765646e+01
-1.4534305746e+01
1.0230615308e+01
-5.3561598729e+00
-1.1616420914e+01
8.4778623407e+00
1.2144154076e+00
7.0369207776e-01
-9.4635733175e+00
-3.2287219788e+00
-8.1197211290e+00
-7.6110009260e+00
-1.2847874692e+01
-1.5854367699e+01
-1.4769303607e+01
1.0194047845e+01
-5.5454706614e+00
-8.8803043778e+00
1.1370620028e+01
7.6492964507e-01
1.3630385837e+00
-1.3077407642e+01
1.0562835154e+00
-1.1919362352e+01
-4.3664419537e+00
-8.3307520531e+00
-1.0214052133e+01
-1.4863887638e+01
1.0158606281e+01
-7.8214769992e+00
-1.1398662788e+01
1.1578044935e+01
4.0952452732e+00
5.6604340752e+00
-1.4046408263e+01
-7.0642810363e+00
-1.4841220462e+01
-3.0233556352e+00
-9.0394354374e+00
-1.0682666425e+01
-1.3684928785e+01
1.0164748161e+01
-8.6679050100e+00
-1.2190661371e+01
9.6133986113e+00
8.7091493346e-01
1.9976577859e+00
-1.8694204936e+01
-6.3322704285e+00
-1.2843844823e+01
-1.9570297310e-01
-1.7955329152e+01
-1.9613302091e+01
-2.1879671844e+01
1.0170834267e+01
-8.8719423893e+00
-1.1939315096e+01
1.2391964108e+01
1.0209778730e+00
9.1976847399e+00
-7.5802336180e+00
-4.0000597956e+00
-8.9187300939e+00
9.1825232055e+00
-1.5453802094e+01
-1.0058312845e+01
-1.8779017412e+01
1.0281505890e+01
-1.0064889070e+01
-1.2453662805e+01
1.1188173590e+01
-2.8421275687e+00
3.6823974903e+00
-7.3166363980e+00
3.8217766945e-01
-1.1201576029e+01
-6.5770765026e+00
-2.3137476528e+01
-8.5176832458e+00
-1.3580923407e+01
1.0136970515e+01
-9.4721506848e+00
-9.4193021272e+00
1.2170511712e+01
-3.7229724586e+00
2.5048202517e+00
-4.4903974450e+00
6.1065823194e+00
-1.2280561395e+01
-1.1511129230e+01
-2.2632952569e+01
-9.8903833799e+00
-1.1123161494e+01
9.9856558742e+00
-8.1915049420e+00
-8.9875998245e+00
7.8301386012e+00
-8.5971552292e+00
1.6078825188e-01
-8.2437914550e+00
1.3964615346e-03
-1.1580842024e+01
-3.9176431247e+00
-1.2833238229e+01
-7.7739193767e+00
-1.5594374673e+01
1.0025509046e+01
-7.3418516728e+00
-1.0280208294e+01
6.5372140942e+00
-3.2825906138e+00
5.2121617972e+00
-6.2038336380e+00
-2.0295710016e+00
-9.5104872962e+00
2.7005141807e-01
-1.2335315204e+01
1.9652982240e+00
-7.4175538630e+00
9.9733574890e+00
-7.2185174567e+00
-1.0339928264e+01
7.1830690288e+00
1.2913613707e+00
4.8217378376e+00
-3.7552853406e+00
1.0901056517e+00
-1.0505342297e+01
-1.1749487471e+00
-1.1589635370e+01
-4.7762392117e-01
-8.7357716832e+00
9.9675426396e+00
-8.3778360766e+00
-1.1645372950e+01
8.3235200814e+00
1.2199213757e+00
1.5586086854e+00
-1.3423197668e+01
-1.9739266574e+00
-1.4737786032e+01
-5.9154346938e+00
-1.4276220886e+01
-1.6903292739e+00
-1.2834268041e+01
1.0010089574e+01
-8.6153692551e+00
-9.5075106614e+00
1.2719594929e+01
4.8053999879e+00
3.4228719886e+00
-1.7486723804e+01
-1.7269661086e+00
-1.0499022247e+01
-8.7127318250e-01
-1.3640932106e+01
-9.6035783744e+00
-1.5680692249e+01
9.9484066905e+00
-7.1912741983e+00
-1.0859122150e+01
9.1735475114e+00
1.0529413282e+00
6.5808510619e+00
-8.4703259459e+00
7.5186474327e+00
-8.2903489927e+00
-6.3243873141e+00
-1.3811560156e+01
-7.5652982595e+00
-4.7588002029e+00
9.8096325686e+00
-8.2592176169e+00
-1.0882418009e+01
8.2450903962e+00
2.1300015956e-01
8.4847395319e+00
-4.7774094317e+00
9.6591484515e+00
-1.2131126328e+01
-1.4592240786e+00
-1.0040214643e+01
-3.2134493810e+00
-6.7497418710e+00
9.8004854323e+00
-9.4909929511e+00
-9.1838380513e+00
8.9047452349e+00
2.4838020466e-01
1.1466273857e+01
-5.3829788538e+00
5.2709718093e+00
-1.4496253542e+01
-3.5398180023e+00
-9.9576561093e+00
-3.9484858471e+00
-1.6153428260e+01
9.8702680247e+00
-1.0802522969e+01
-1.0676719643e+01
4.7448667883e+00
2.5469240033e+00
1.4096566791e+01
-1.0674582497e+01
-4.2179753187e-01
-4.5195808720e+00
-6.7192684716e-01
-1.2503607127e+01
-2.3586672075e+00
-1.7651047844e+01
9.9090823664e+00
-1.1397323338e+01
-1.1133715676e+01
7.8066257059e+00
1.5609235452e+00
9.7589438839e+00
-1.0098412985e+01
-6.5198373209e-01
2.7782254968e+00
5.0487395915e+00
-1.1560667118e+01
-3.0035313183e+00
-5.6551719701e+00
9.8403131133e+00
-1.1322056639e+01
-1.0617976177e+01
9.6022129165e+00
4.6618691029e+00
7.2108327429e+00
-8.6016326448e+00
-3.3737993730e+00
-1.5591395422e+00
3.4785438689e+00
-1.0700186365e+01
-2.0638790438e+00
-5.8147356924e+00
9.7974030764e+00
-1.0896586492e+01
-1.3607883791e+01
2.3526262940e+00
1.3973049090e+00
9.8169620542e+00
-1.1034425490e+01
-1.0390516458e+01
-8.3512829800e+00
1.2656555072e+00
-1.4423628428e+01
-3.5965380686e+00
-1.1632476940e+01
9.9959960886e+00
-8.2200932964e+00
-1.1271280142e+01
3.0010897457e+00
-2.2419018923e-01
7.2244989903e+00
-1.1633662300e+01
-4.9807742588e+00
-1.0140415304e+01
-3.7208319756e+00
-2.4205864141e+01
-1.5098165705e+01
-1.4775726909e+01
9.9791818082e+00
-5.7730861397e+00
-7.4657576115e+00
6.2166803522e+00
-8.5505833730e-01
9.6265895714e+00
-1.1688655030e+01
-5.5519822105e-02
-6.2375682546e+00
-3.8830304905e+00
-2.7240134911e+01
-1.0380502962e+01
-1.4459868750e+01
9.8758685788e+00
-7.3294932231e+00
-8.2798944662e+00
8.9256443608e+00
-1.2459146642e+00
5.9296530072e+00
-1.1391582507e+01
1.1875526289e+00
-6.9104567115e+00
-6.3908705068e-01
-2.1650219512e+01
-1.0281747913e+01
-1.5117709063e+01
9.8209988146e+00
-7.4639922154e+00
-6.6530011679e+00
7.6629440623e+00
-2.1689898574e+00
9.1654272718e+00
-3.7406436189e+00
-1.5212382069e+00
-9.7973583053e+00
2.0851870461e+00
-1.2973039363e+01
-6.7398128573e+00
-7.6141806087e+00
9.9649506341e+00
-8.3744625397e+00
-9.4042411286e+00
9.4780979884e+00
2.8050970196e-01
8.1103902626e+00
-1.1297666660e+01
2.5976704641e+00
-1.2149048837e+01
-7.9514061881e+00
-1.8112266035e+01
-9.8587806036e+00
-7.8262160719e+00
1.0128909195e+01
-7.9308502937e+00
-8.4415815379e+00
8.5153701604e+00
1.1159496197e+00
1.1773299033e+01
-9.4885613838e+00
1.0815957671e+00
-1.0830941991e+01
-5.8970767762e+00
-1.5290082882e+01
-1.5449163000e+00
1.6657641375e+00
1.0123937608e+01
-1.0731023236e+01
-9.8044554437e+00
7.6084263207e+00
-2.2393648616e+00
9.3126786320e+00
-1.0092949916e+01
-1.5025774074e+00
-1.4247037474e+01
-2.8678645150e+00
-1.4856718040e+01
-6.3158609543e-01
-2.7028287563e+00
1.0214922335e+01
-1.1290997010e+01
-8.5519087892e+00
9.7369562870e+00
-1.6408571641e+00
8.7376138351e+00
-1.5871732827e+01
-9.3996683818e+00
-2.0463407004e+01
-8.0258585224e+00
-1.3940588472e+01
8.9043705900e-01
-2.0156465229e+00
1.0271965437e+01
-1.2050707069e+01
-1.0261386342e+01
1.0618771250e+01
-6.8446618328e+00
4.3738685996e+00
-2.0443242218e+01
-1.2363938112e+01
-2.1175500640e+01
-5.6774212627e+00
-1.8867061281e+01
-1.0367120922e+00
-1.0534771235e+01
1.0264560933e+01
-9.8936982849e+00
-8.9541743861e+00
8.3660847875e+00
-1.0410039946e+01
6.9267238616e+00
-1.3336851901e+01
-6.8565619034e+00
-1.8899126268e+01
-3.9243441416e+00
-1.0475035246e+01
-2.3151526434e-01
-1.4368600138e+01
1.0314421742e+01
-1.1572795864e+01
-1.2588536683e+01
5.4077525307e+00
-1.4804422049e+01
4.9946360437e+00
-1.3102889110e+01
-5.6708507121e+00
-1.9769650731e+01
-5.5761351708e+00
-1.0108437881e+01
-3.8796778229e+00
-1.5753438143e+01
1.0331701905e+01
-1.0889810630e+01
-9.1031173163e+00
9.5298998796e+00
-8.2892963245e+00
3.7990413624e+00
-8.6437479447e+00
3.6739403631e+00
-1.2888390523e+01
-1.3560777696e+00
-4.6520159268e+00
4.4515020090e+00
-9.0641522678e+00
1.0285936477e+01
-1.0966283821e+01
-8.4712660606e+00
1.0544350939e+01
-2.3613672691e+00
7.5207625221e+00
-6.1737978658e+00
3.6108310464e+00
-8.6379389298e+00
-1.8062612512e+00
-1.0473724493e+01
-2.3157569554e+00
-1.2797934827e+01
1.0167085654e+01
-8.8443654073e+00
-9.2734605193e+00
7.7088315409e+00
-4.0063899639e+00
8.0627530031e+00
-2.6549268859e+00
-5.4392536019e-01
-1.6638843189e+01
-6.7996289430e+00
-8.5662865456e+00
2.2503275726e+00
-1.4497795874e+01
1.0148458387e+01
-9.2349905173e+00
-1.1494342497e+01
3.3531394199e+00
-7.8356730198e+00
9.4267440471e+00
-8.4182671333e+00
-5.0713018792e+00
-1.7102601126e+01
-7.9011802042e+00
-1.9106446141e+01
-2.0376856059e-01
-1.0654355185e+01
1.0196002650e+01
-9.6895472393e+00
-1.1736194308e+01
5.3644693650e+00
-5.5260844313e+00
1.1539486313e+01
-5.7030877100e+00
-1.3988219249e+00
-1.3188169798e+01
-1.5667357981e+00
-1.2108712964e+01
2.1099368692e+00
-6.0166798655e+00
1.0283287001e+01
-1.0613435164e+01
-1.0990424491e+01
7.8211503167e+00
-3.0265634966e+00
8.4689090428e+00
-1.1477477046e+01
-1.6494898461e+00
-1.4477373043e+01
-8.3412580858e+00
-1.5869993046e+01
-3.7586133300e+00
-6.4351524887e+00
1.0312240880e+01
-1.0484950086e+01
-1.0484154953e+01
1.1567973193e+01
-6.0598806090e-01
7.0248288931e+00
-1.1262804802e+01
-2.6843064765e+00
-1.5114526251e+01
-4.0146306453e+00
-1.1423464548e+01
-7.0617469427e+00
-1.1349626805e+01
1.0321133172e+01
-9.6167639059e+00
-1.1667354825e+01
9.2342066265e+00
-4.9618352748e+00
-8.0416748054e-02
-1.1895398761e+01
-2.4381541038e+00
-1.3055303085e+01
-1.1352980787e+00
-1.2042506918e+01
-9.2677515799e+00
-1.4016494339e+01
1.0287330585e+01
-8.3564180204e+00
-1.0848806471e+01
1.0528960652e+01
-4.1620156351e+00
5.0040869267e+00
-5.1672810467e+00
1.2466072189e-02
-1.3869663673e+01
3.3069510118e+00
-1.4374386539e+01
-1.2473327165e+01
-1.2763968306e+01
1.0255400274e+01
-9.7006544084e+00
-1.3097226598e+01
9.3727508867e+00
1.1695391294e+00
1.1964505572e+01
-5.5964286914e+00
-8.9505264763e+00
-1.4699357091e+01
-1.6686258634e+00
-1.5938630520e+01
-5.5332637278e+00
-7.5240848332e+00
1.0483721267e+01
-1.0356907763e+01
-1.4038249013e+01
1.1367344518e+01
-7.9518666714e-01
1.0491206674e+01
-6.1451492404e+00
-9.0077357635e+00
-1.1787860920e+01
7.8730327001e-02
-1.6967745936e+01
-8.0484738386e+00
-9.6157460898e+00
1.0567172728e+01
-9.7913257007e+00
-1.4223903247e+01
1.0850237752e+01
1.8155505204e+00
1.0702101611e+01
-1.1081638194e+01
-7.0515242075e+00
-9.9199147887e+00
8.9240493571e-01
-2.1790426246e+01
-1.3709030120e+01
-1.2664314332e+01
1.0577674579e+01
-8.9950345428e+00
-1.4467491091e+01
1.1821889831e+01
-3.4297242647e-01
9.1917758584e+00
-8.7811467685e+00
1.8543089099e+00
-8.2605274516e+00
8.4211373955e-01
-2.3291990114e+01
-1.5056854937e+01
-1.1906365701e+01
1.0434664444e+01
-8.8900567123e+00
-1.2140979827e+01
1.0851629968e+01
4.8308763151e-01
1.1251179928e+01
-7.5899016225e+00
2.9476778406e+00
-1.2976378859e+01
-2.8519358851e+00
-2.0119303867e+01
-1.3888797896e+01
-7.9415200356e+00
1.0446598317e+01
-9.9765359042e+00
-1.1471707072e+01
9.5289239108e+00
-6.8811582213e+00
5.2746188432e+00
-1.0802217873e+01
-2.8447422492e+00
-9.8527540081e+00
3.5151007906e+00
-1.1898592945e+01
-6.9851036659e+00
-9.3153680437e+00
1.0597367570e+01
-1.0884025944e+01
-1.0178902823e+01
1.2754772984e+01
-5.9816844184e+00
4.1373375442e+00
-1.0839515957e+01
-9.8789233977e+00
-1.4554025289e+01
-2.9143815545e+00
-1.1821091092e+01
-7.7700408464e+00
-8.3695245207e+00
1.0678317216e+01
-1.1042629404e+01
-1.2018137341e+01
1.4687009639e+01
-3.9953176969e+00
2.1793262735e+00
-1.0397012857e+01
-4.0145976292e+00
-1.2871688689e+01
-1.9956916024e+00
-9.9886394983e+00
-7.1383612489e+00
-1.7480607160e+01
1.0801635872e+01
-9.7121347968e+00
-1.2367484261e+01
1.5393511839e+01
2.7617963734e+00
9.1190142872e+00
-8.3628283027e+00
-4.1440636513e-01
-1.1045212269e+01
-3.9836739884e+00
-3.4280044622e+00
-3.6663506588e+00
-1.1316261642e+01
1.1160034529e+01
-1.2724615229e+01
-1.7570145085e+01
1.1919296919e+01
2.4990984707e+00
7.8715561623e+00
-1.0546942837e+01
4.9074745255e+00
-9.6583513687e+00
1.6532205185e-02
-7.2453547678e+00
-4.4097116397e+00
-1.2852171985e+01
1.1392712945e+01
-1.2890172091e+01
-1.8202682099e+01
1.3961599711e+01
3.9719063893e+00
1.0877618242e+01
-5.7901222402e+00
4.9060393965e+00
-1.0919880681e+01
8.2418394163e-01
-1.6151534798e+01
-5.3124077303e+00
-1.4904993462e+01
1.1380873513e+01
-1.4022625812e+01
-1.9338179054e+01
1.4777847672e+01
1.8302913024e+00
4.4397562578e+00
-8.3615348781e+00
1.8867015253e+00
-9.6280894106e+00
3.1101764083e+00
-1.5362069679e+01
1.2522022170e+00
-6.8385828184e+00
1.1211297778e+01
-1.3871404408e+01
-1.9201483549e+01
1.4885915132e+01
9.9202228732e-01
-2.2835906843e+00
-1.1956435480e+01
-1.4217516191e+00
-6.9919083555e+00
-7.1477182380e+00
-2.1480834044e+01
4.0634862929e+00
9.8592562270e-01
1.1030532743e+01
-1.5274414489e+01
-1.8862450704e+01
1.1088742556e+01
6.4483824113e-01
6.0036624089e+00
-7.3206315004e+00
9.2613083506e+00
-9.2496974391e-01
-3.6544322752e+00
-1.2829136070e+01
2.8472163507e+00
-4.5455888072e-01
1.0930062350e+01
-1.3182640457e+01
-1.2725482130e+01
1.6431356332e+01
4.4272146545e+00
9.9103278493e+00
-1.0690262305e+01
7.9260795247e+00
-9.0922943099e+00
-4.1621644280e+00
-1.5768655592e+01
5.5009285765e-01
-4.7445828955e+00
1.1005229774e+01
-1.1513125177e+01
-1.1080975160e+01
1.9460655787e+01
1.3397653164e+00
8.7218718150e+00
-1.0451788324e+01
8.9637468692e+00
-1.3732617913e+01
-6.1469264812e+00
-1.3297332595e+01
5.7025232640e+00
-5.7743289274e+00
1.0934054072e+01
-1.0374048862e+01
-1.2535710059e+01
2.0494508808e+01
1.5007293066e+00
4.5315824752e+00
-9.6240715982e+00
1.8158195404e-01
-1.6921726557e+01
-7.3162926496e+00
-1.3167610612e+01
2.7405163553e+00
-1.1408386743e+01
1.0795578354e+01
-1.0035113783e+01
-1.4943640163e+01
1.7208750704e+01
8.3393394167e-01
3.3142663531e+00
-1.3286979417e+01
-2.1492602511e+00
-1.2447360053e+01
-2.7221089705e+00
-1.3284984933e+01
-4.4828499101e+00
-1.5446734574e+01
1.0742709009e+01
-1.1618407108e+01
-1.8017946917e+01
1.3436037103e+01
3.5777006652e+00
4.3133373462e+00
-7.7520001999e+00
3.1670861534e+00
-6.7997502273e+00
-7.1867635763e+00
-1.7801113648e+01
-1.0669172883e+01
-1.3485802230e+01
1.0580568880e+01
-1.0759058435e+01
-1.7377867815e+01
7.4992088352e+00
2.4503868877e-01
2.7621347710e+00
-1.2256018767e+01
4.6732068866e+00
-3.3232867577e+00
-4.1342396326e+00
-1.5308580829e+01
-5.5563588600e+00
-6.8061236591e+00
1.0549932530e+01
-8.1751389650e+00
-1.1546348160e+01
1.2303483165e+01
1.6040103020e+00
4.7968083050e+00
-1.2657683100e+01
5.5345727902e+00
-7.5298159098e+00
-3.7035446106e+00
-1.1186805557e+01
9.1866131668e-01
-4.2724320049e+00
1.0676445767e+01
-1.0320750740e+01
-1.3569789152e+01
9.7680019444e+00
2.8685896037e+00
2.1098671149e+00
-1.2259630657e+01
3.7460196948e-01
-1.7952482286e+01
-8.0375097692e+00
-2.0363099792e+01
-3.6876190833e+00
-4.8378936901e+00
1.0652975862e+01
-9.8934363645e+00
-1.2586287743e+01
1.1713268472e+01
6.4956298782e+00
2.6532859058e+00
-1.0032024721e+01
5.3227906780e+00
-1.1830263695e+01
-5.6077993248e+00
-2.1434776192e+01
-9.8330261597e-01
-2.2336256717e+00
1.0714131373e+01
-1.2597827129e+01
-1.5003296357e+01
9.4870563910e+00
1.5082027703e+00
-5.6139453204e-01
-5.4003943300e+00
4.9687525243e+00
-5.9511107392e+00
1.7814362593e-01
-1.6720734848e+01
6.0010753432e+00
-7.1830030794e-01
1.0621664635e+01
-1.2185722656e+01
-1.4241864638e+01
8.3984657385e+00
-9.5593643107e-01
-1.8816986259e+00
-1.3982908083e+01
-2.1038172510e+00
-1.1135836439e+01
-8.9398563422e+00
-1.8776598535e+01
2.8353657541e+00
-1.3894483045e+01
1.0702867811e+01
-1.1730302328e+01
-1.2297612871e+01
1.1476230713e+01
3.9106380578e+00
4.9530074791e+00
-9.0509382446e+00
8.3135978427e-01
-1.6088386014e+01
-6.6464978446e+00
-1.1138569290e+01
5.4861405988e+00
-6.9003322221e+00
1.0781232956e+01
-1.1919719531e+01
-1.1673744364e+01
1.5116724675e+01
2.8844870698e+00
8.4718712593e+00
-8.1881517504e+00
3.2098798074e-01
-1.7347020252e+01
-8.3516119860e+00
-1.4613106316e+01
-3.3661725565e+00
-5.6241492895e+00
1.0817071099e+01
-9.9601487533e+00
-1.0527581611e+01
1.5309385934e+01
-7.6784783776e-01
5.7602221803e+00
-1.0846533140e+01
-3.2636363352e+00
-1.8946589561e+01
-5.0604835240e+00
-1.5015258022e+01
-5.8536237379e+00
-6.3447289348e+00
1.0747040431e+01
-7.8202266757e+00
-1.0190437570e+01
1.1683018742e+01
-4.6539006127e+00
3.3046736910e+00
-1.1285175565e+01
-3.4047801481e+00
-1.1930427496e+01
-8.9179472637e+00
-2.5519978080e+01
-1.1052357770e+00
-4.8471052375e+00
1.0699605478e+01
-7.5943724835e+00
-8.9900458068e+00
1.0079676108e+01
-5.5773022062e-01
6.4143808588e+00
-1.1426065195e+01
-3.4175004908e+00
-1.0798379477e+00
-8.4759448112e+00
-2.4968632428e+01
7.7726048263e+00
-6.2992486557e+00
1.0516884821e+01
-1.0875454662e+01
-1.0761681374e+01
8.7302553765e+00
2.6203578768e-01
6.9451557365e+00
-6.6295245445e+00
-1.0750164078e+00
-3.9413437878e+00
-5.5151071303e+00
-1.2564739038e+01
1.2316316633e+01
-3.2076707242e+00
1.0454536093e+01
-1.0761522072e+01
-1.0087443315e+01
8.8293309980e+00
-7.9254841240e-01
9.8474566140e+00
-8.5996976462e+00
1.5479432933e+00
-7.0423908516e+00
-1.3538368172e+00
-1.0348366643e+01
4.9118970724e+00
-9.6277986276e+00
1.0503976467e+01
-9.9847474257e+00
-1.1354343766e+01
1.0875185621e+01
2.9638298255e+00
1.2872152666e+01
-9.0031401388e+00
-3.3717862567e+00
-1.8214576313e+01
-6.9918955674e-01
-5.5693582873e+00
3.7493457543e+00
-3.1289675200e+00
1.0650076106e+01
-1.0548480914e+01
-1.2426275770e+01
1.4102772625e+01
5.8379211546e+00
1.2460291210e+01
-9.0516761714e+00
-9.9162239749e+00
-1.7666449437e+01
-6.5776718432e-02
-1.5782919352e+01
-2.4251095113e+00
-4.6358125521e+00
1.0580003687e+01
-1.0859132812e+01
-1.2491139123e+01
1.3338560290e+01
1.4496359828e+00
7.0507975927e+00
-1.3281083043e+01
-6.1117138214e+00
-1.4526437238e+01
4.0251896605e+00
-1.5471324706e+01
-5.5315530008e+00
-9.4478883915e+00
1.0470204164e+01
-7.0970359813e+00
-7.2563810986e+00
1.8127082516e+01
8.2299586305e+00
1.2988352957e+01
-1.3139180055e+01
-3.2675371499e+00
-8.3929121867e+00
9.9059268902e+00
-1.2728129791e+01
-2.3641584709e+00
-3.9123496500e+00
1.1015988806e+01
-1.5364617221e+00
-8.3646641848e+00
9.1445417660e+00
-7.1680285830e+00
6.5538035094e+00
-6.8341577918e+00
-1.4957292791e+01
-1.8779987870e+01
-4.6142859866e+00
-3.0007269404e+01
-7.3184762567e+00
-1.7211741531e+01
1.1717677975e+01
1.2677276904e+00
-1.1568741106e+01
1.7783609026e+01
-7.3771380686e-01
6.6305296514e+00
-2.0420035962e+00
-6.2877803663e+00
-2.6875037093e+00
-7.3837543651e+00
-2.6330479600e+01
6.6633934902e+00
-1.6316303467e+01
1.4507671419e+01
2.2483876453e-02
-3.2082432992e+01
2.9315766191e+01
-9.6983505011e+00
1.5986730912e+00
-7.5316457132e+00
-2.0770303508e+01
1.2461571636e+01
-4.4510801890e+00
-3.2460899521e+01
1.4123283283e+01
-1.8991766309e+01
1.4564652717e+01
-1.0234697947e+00
-2.9945582759e+01
2.6435070328e+01
-8.2304321302e+00
-4.2580296492e-01
-3.2483649142e+00
-1.9779033277e+01
1.4798859896e+01
-8.5350701422e+00
-3.0920043684e+01
8.4907969585e+00
-1.7866127136e+01
1.4648471857e+01
2.0204054678e+00
-3.0281801710e+01
2.6684383165e+01
-1.3591191585e+01
1.3957204018e+00
-6.2073444793e+00
-1.5829676122e+01
1.3607474590e+01
-7.2805483281e+00
-3.0019556166e+01
1.1473287683e+01
-1.4150345831e+01
1.3203567189e+01
3.6057263387e+00
-1.9862635613e+01
1.4765660772e+01
-1.5678958225e+01
2.4538165892e+00
-8.9167408595e+00
-3.7503163086e+00
1.3790795698e+01
-5.8535564797e+00
-2.6146683069e+01
3.2383049741e+00
-1.4946422059e+01
1.4114818954e+01
4.0290929148e+00
-2.9004207165e+01
1.4276075933e+01
-9.8898353394e+00
8.0782233546e-01
-1.6129725709e+01
3.9858191498e-01
2.0577758022e+01
-6.1471241213e+00
-2.5625373338e+01
1.7528099595e+00
-1.9766651786e+01
1.5202171933e+01
7.5755930700e-01
-3.7058095747e+01
2.2128251208e+01
-1.8234147209e+01
4.2037766984e+00
-7.1292768715e+00
-9.0709537629e+00
2.6169180512e+01
-5.1213578064e+00
-2.7723088853e+01
4.1554677547e+00
-1.4560435463e+01
1.5093719232e+01
-3.3722586043e-01
-3.5896980898e+01
1.9643539804e+01
-1.9580318878e+01
4.2722670200e+00
-4.3017770738e+00
-1.0620671507e+01
2.6117046539e+01
-6.8432862055e+00
-2.8500994449e+01
1.9193268676e+00
-1.6765839915e+01
1.4563166386e+01
7.4697418403e-01
-3.2085691154e+01
1.3204349464e+01
-1.8005666828e+01
9.8232795014e+00
-5.5802486687e+00
-1.0910515233e+01
2.9103728156e+01
-8.0712384831e+00
-1.6905550743e+01
-9.8245959009e+00
-2.1922113010e+01
1.5315019252e+01
-1.9224840714e-01
-3.7717553352e+01
1.4712119370e+01
-2.0987961322e+01
8.6879267676e+00
6.7726654936e-01
-1.5517547878e+01
3.4115048057e+01
-1.6777272667e-01
-1.8347476862e+01
-8.6925292089e+00
-1.7791600651e+01
1.5468895557e+01
1.5488320872e+00
-3.8983105504e+01
1.3619806904e+01
-2.2472507448e+01
1.2383459860e+01
-5.3529684431e+00
-9.4149190592e+00
2.6818513926e+01
1.1662125076e+01
-1.7543937286e+01
-4.9256290425e+00
-1.5773799520e+01
1.5433152802e+01
2.3848764628e+00
-4.0740231552e+01
1.2248467730e+01
-2.2432382368e+01
8.5873616091e+00
-4.5116183407e+00
-1.2988773133e+01
2.6113827588e+01
7.3362242654e+00
-1.7999824236e+01
-4.2957298222e+00
-1.7468383050e+01
1.4603823127e+01
4.6167167311e+00
-3.5462942588e+01
7.1964088932e+00
-1.8717204974e+01
9.2676548581e+00
-6.4891624210e+00
-1.0704809294e+01
1.7413251654e+01
9.8379847745e+00
-1.7435335484e+01
-1.0020980155e+01
-1.8748965861e+01
1.3450013864e+01
1.3780488244e+00
-2.9289845045e+01
4.1613693844e+00
-2.1307880992e+01
6.9968549369e+00
-6.8565763664e+00
-9.5396623443e+00
1.2006612153e+01
1.2054290190e+01
-1.6429218641e+01
-1.5035190708e+01
-2.3603847229e+01
1.2926954022e+01
2.1953191825e-01
-2.1146743366e+01
2.8006061459e+00
-1.3798640477e+01
6.4593274705e+00
-2.4930264141e+00
-7.9682001332e+00
1.0808387751e+01
9.3609935728e+00
-1.9738843015e+01
-2.3420761349e+01
-1.9088268101e+01
1.2505811706e+01
3.2023451697e+00
-2.5848221152e+01
-3.0051887569e+00
-1.2351662546e+01
4.2150424114e+00
6.2925186310e-01
-3.4648774282e+00
-3.8308226336e+00
5.4615899908e+00
-2.0285157526e+01
-1.3630106010e+01
-1.5693845275e+01
1.2169080808e+01
2.1420602139e+00
-2.5473752514e+01
-5.2566213696e+00
-8.3618068642e+00
6.7189974762e+00
3.5575869084e-01
-1.1121347002e+00
-5.3883182079e+00
7.4169275492e+00
-1.6096611195e+01
-9.6851822985e+00
-1.4247183270e+01
1.1484006338e+01
-1.2552181117e+00
-1.7338667042e+01
2.8563642938e+00
-6.8998614166e+00
3.1172248652e+00
3.6448341924e-01
9.7592891570e+00
2.8690125080e+00
6.6083474743e+00
-2.5602374220e+01
-2.0502033364e+01
-1.1545174705e+01
1.1227715243e+01
-3.5178915598e+00
-1.6800791197e+01
8.4340303528e+00
-3.4044237499e+00
6.6560701922e+00
-2.3978193746e+00
5.2295308422e+00
2.6766356112e+00
1.0063241459e+01
-2.1028670723e+01
-2.3980780008e+01
-1.2612453870e+01
1.1234761471e+01
-5.4926216736e+00
-1.7640302326e+01
5.3538386354e+00
-6.0540557738e+00
9.4566542353e+00
-3.1145822749e+00
-4.3005282746e+00
-6.0853405608e+00
2.6524582547e+00
-2.7024272571e+01
-2.6844710712e+01
-1.4523672873e+01
1.1239017950e+01
-6.4845034002e+00
-1.7112631641e+01
9.8516783038e+00
-7.1452042335e+00
9.0305361293e+00
-5.6647742915e+00
-7.2040634538e+00
9.6467692227e-01
5.6461362317e+00
-2.1654857478e+01
-1.5407839759e+01
-1.7672868789e+01
1.1158445086e+01
-8.3074990327e+00
-1.8429974466e+01
8.5639194870e+00
-9.0943321414e+00
8.6351267488e+00
-1.5192903702e+00
4.6446876363e-01
3.5233573187e+00
-6.8979179688e-01
-2.1644446506e+01
-1.0132675370e+01
-1.4599040567e+01
1.1024178826e+01
-9.8669967191e+00
-2.1970699044e+01
2.8353717831e+00
-1.1882446014e+01
3.6820128145e+00
-1.1162422889e+01
1.1448259334e+00
-1.0192200164e+01
-7.8708324954e+00
-2.2932232053e+01
-9.1779739531e+00
-1.3935811848e+01
1.0988440223e+01
-9.5259132427e+00
-2.1124020500e+01
3.3025855291e+00
-1.0150739365e+01
5.3703601569e+00
-1.1163619233e+01
1.9026983927e+00
-8.3329268603e+00
-1.7528980171e+00
-1.9327570811e+01
-7.6915161163e+00
-5.6661372252e+00
1.0831821549e+01
-8.0877246359e+00
-1.5959066527e+01
3.8798392187e+00
-7.4531076357e+00
5.9263459304e+00
-8.1830545898e+00
8.9634297196e+00
1.3221464633e-01
3.0579182843e+00
-1.9015286594e+01
-1.3846510312e+01
-1.4039736341e+01
1.0951703475e+01
-5.8490939116e+00
-1.5794646001e+01
6.0811442077e+00
-4.8475948535e+00
7.4571818434e+00
-5.0538499759e+00
8.9025160497e+00
5.6440889662e+00
9.6277121850e+00
-1.3374276381e+01
-5.7131588665e+00
-8.5980940915e+00
1.0839544116e+01
-6.9188401446e+00
-1.6107201509e+01
5.3801737399e+00
-2.6209769143e+00
8.9488264454e+00
-1.7150611064e+00
5.0055431494e+00
1.0707172045e+00
6.1242872609e+00
-1.4352436923e+01
-7.8473454529e+00
-1.3671940946e+01
1.0620468651e+01
-6.4092691835e+00
-1.3044272060e+01
8.5599312959e+00
-3.8760407244e+00
4.5089997158e+00
-6.3048080228e+00
2.3236270918e+00
2.2070552251e+00
7.8031153420e+00
-1.0331149304e+01
-2.9053261554e+00
-1.5914936160e+01
1.0609092991e+01
-7.9983580081e+00
-1.2868656637e+01
1.1624798141e+01
-2.7900726335e+00
4.5488600223e+00
-5.4915436719e+00
-6.5020194071e+00
-8.8695896141e+00
-6.0431386732e-01
-1.4920014284e+01
-3.5698777130e+00
-9.1294904880e+00
1.0690480774e+01
-8.6619959202e+00
-1.4276688910e+01
1.0752635217e+01
4.7235421207e-01
4.0281199628e+00
-6.3918037613e+00
-6.3090284466e+00
-1.3540401064e+01
-1.1401921251e+01
-2.0120883510e+01
-5.3422718765e+00
-8.4409785764e+00
1.0797622317e+01
-8.4905362035e+00
-1.3853968099e+01
1.0226249440e+01
2.9386998893e-01
1.5375892939e+00
-5.6089033705e+00
-1.0987011336e-01
-1.3674446825e+01
-8.5135641412e+00
-1.9522710328e+01
-4.8563616197e+00
-2.8463380713e+00
1.0788503664e+01
-8.1180519601e+00
-1.0694904243e+01
1.2389289281e+01
2.9550511022e-02
3.2618631123e+00
-4.5405479165e+00
6.2796076256e+00
-1.7957338570e+00
3.8461802415e+00
-1.3466677894e+01
-2.0533417530e+00
-4.1738719060e-01
1.1064413002e+01
-3.9770251395e+00
-9.7936869415e+00
1.5140645842e+01
3.7315022385e-01
8.8573308560e+00
-9.0255127278e+00
9.2378562792e-01
-1.3139621535e+01
-3.6857105818e+00
-1.9640518691e+01
-1.2778448561e+01
-7.8473613291e+00
1.0993593223e+01
-4.6488158592e+00
-8.7412369808e+00
1.2888234287e+01
3.9905411285e+00
1.1330771445e+01
-8.0625877461e+00
3.7060786995e-01
-1.1545702512e+01
-3.8100153153e+00
-1.6957707907e+01
-1.3522960980e+01
-1.0195475953e+01
1.0976159111e+01
-4.6236859868e-01
-6.4372627200e+00
1.4441651084e+01
3.1075594298e+00
1.2058845851e+01
-5.4514022806e+00
2.4863218313e+00
-8.7907805303e+00
-3.0202969321e+00
-4.6190589191e+00
-2.3571328682e+00
-3.9964924046e+00
1.1610312973e+01
2.0301490891e+00
-6.9299931891e+00
1.1583965091e+01
1.0429203673e+00
1.7981367228e+01
-1.1571121097e+01
-9.2530354811e+00
-5.7374307658e+00
-1.2135561875e+01
-1.7981511962e+01
-1.1464599605e+00
-1.0589451096e+01
1.1965722832e+01
4.4790918924e+00
-9.8732024201e+00
1.2516856676e+01
-8.1935321979e+00
1.2631278490e+01
-1.2258699778e+01
-9.9487486584e+00
-6.5421107742e+00
-7.9036803707e+00
-1.5532998270e+01
-4.3640272328e+00
-1.2036326826e+01
1.2064733771e+01
3.5493447846e+00
-1.0930242246e+01
1.3118903016e+01
-8.3056146037e+00
1.4848009161e+01
-8.3397132704e+00
-1.1572867294e+01
-9.1777716725e+00
-9.1605666882e+00
-2.1161885073e+01
-5.2341299548e+00
-1.3262140593e+01
1.2820400576e+01
3.4384130639e+00
-1.7970224471e+01
9.6373621323e+00
-9.1625465946e+00
2.5799590243e+01
-3.2837610916e+00
-1.7805849000e+01
2.9435157378e+00
-4.5740875708e+00
-2.1391302979e+01
-1.1943562313e+00
-1.8454512469e+01
1.3850197731e+01
4.7961796453e+00
-2.7831815005e+01
1.2078965857e+01
-8.6114725680e-01
2.7514925404e+01
-1.1115902501e+01
-1.7803151628e+01
1.3204675118e+01
-5.4316041436e+00
-2.1873322834e+01
3.8888666607e+00
-1.7874686529e+01
1.4428152781e+01
5.4294822401e+00
-3.1075167129e+01
1.1737641597e+01
4.1152028182e+00
2.3059106240e+01
-1.7929159170e+01
-1.3793243509e+01
1.3982055647e+01
-1.0703088029e+01
-2.8768554496e+01
-3.1873751109e+00
-1.0305219841e+01
1.4711112326e+01
4.3649546490e+00
-3.0292490178e+01
1.1937117145e+01
3.5418606693e+00
1.3589530422e+01
-2.3851346307e+01
-5.9503140414e+00
1.7120204506e+01
-1.2700315902e+01
-2.5811176096e+01
-4.0452143756e-01
-9.9907624052e+00
1.4865875356e+01
3.6039173190e+00
-2.9777722047e+01
1.6701168087e+01
-9.7276342136e-02
5.4918384889e+00
-2.7024015107e+01
3.6415763072e+00
1.3621065848e+01
-1.2556577344e+01
-2.0938371383e+01
4.7051378371e+00
-1.3516008783e+01
1.4822508305e+01
-7.6286794094e-01
-2.5292121485e+01
1.8928300966e+01
-2.0712352882e+00
-9.4221525777e-01
-2.1083152726e+01
9.7791342821e+00
1.0527818719e+01
-1.7499116608e+01
-1.7790251236e+01
3.5096325455e+00
-1.8183814300e+01
1.4680596779e+01
-3.6785260522e+00
-2.0459931319e+01
2.3928025199e+01
-4.6207137994e+00
-2.4395178328e+00
-1.7243295552e+01
1.2488779805e+01
6.5185263493e+00
-1.6871646501e+01
-2.2556927321e+01
5.3562962581e+00
-1.1511856292e+01
1.4553744124e+01
-2.7765256929e+00
-1.6604238249e+01
2.6801365644e+01
-8.7731770830e+00
3.2350040095e-01
-2.0970209297e+01
8.6217395217e+00
6.3100594143e+00
-1.4499822095e+01
-2.0270583129e+01
1.5685455684e+01
-5.4878233524e+00
1.4280434850e+01
-1.5941683058e+00
-1.6290360943e+01
2.3300698625e+01
-9.9317349518e+00
1.0158616154e+00
-1.9118285654e+01
3.5335246619e+00
9.3175122899e+00
-1.0732504394e+01
-9.8801848723e+00
1.4010025182e+01
-6.1035848059e+00
1.4746268400e+01
-8.3272934967e+00
-1.7529900860e+01
1.7736887487e+01
-1.1002444045e+01
-1.4527113993e+00
-7.8842959972e+00
1.3749517914e+01
2.9272404514e+00
3.1712852068e+00
-5.4690673574e+00
-3.2121819617e+00
-1.3309129797e+01
1.4646668290e+01
-1.2190562607e+01
-1.8409848444e+01
1.4424630945e+01
-9.4109726129e+00
-2.1706194415e+00
-3.3424494576e+00
1.2769502428e+01
-5.3511367574e-01
4.4816137115e+00
-7.0455798044e+00
-7.8302554734e+00
-1.5175902987e+01
1.3887193542e+01
-1.1870683998e+01
-1.6904369673e+01
5.4224440077e+00
-6.1792714618e+00
3.9159279800e+00
-1.9247075322e+00
1.2593917612e+01
8.1149621443e-01
3.0940987128e+00
-1.7931422117e+01
-8.8992881313e+00
-6.3986419307e+00
1.3309200809e+01
-1.4269271986e+01
-1.2777111563e+01
1.5741330045e+00
-1.2286200100e+01
2.8583212516e+00
-1.8911023030e+01
2.0317838423e+01
-3.1828455282e+00
3.7756600829e+00
-2.1160132165e+01
-3.3936320707e+00
-1.3345179892e+01
1.3526154056e+01
-1.3902902118e+01
-7.8475894238e+00
1.4910761335e+00
-1.5417961279e+01
-8.2230207319e-01
-1.7910276006e+01
1.6569659175e+01
-5.5604175645e+00
4.0592276828e+00
-1.7896560451e+01
-6.1497911479e+00
-6.6313063110e+00
1.3719269438e+01
-1.1710170756e+01
-1.0127071186e+01
4.3440190857e+00
-7.6738099948e+00
1.8358033404e+00
-2.0193109499e+01
9.2815658911e+00
1.2158106904e-01
9.8785006205e+00
-1.6167217547e+01
-1.3567969624e+00
2.4137344034e+00
1.3673973360e+01
-1.2352190224e+01
-1.1836199955e+01
6.6817434124e+00
-5.8180898799e+00
5.3847622972e+00
-1.6963780353e+01
7.0006748990e+00
4.1497019663e+00
8.8596479025e+00
-1.5613109164e+01
2.7286046080e-01
5.1090524592e-01
1.3636583750e+01
-1.5021506138e+01
-1.9204168193e+01
4.5685572875e+00
-9.0312653144e+00
5.3101411056e+00
-2.0704735636e+01
5.0855538268e+00
8.2878082171e+00
1.3547667494e+01
-5.8667522268e+00
-3.3497911079e+00
-9.7109269484e+00
1.3448201165e+01
-1.4202791467e+01
-1.8332124662e+01
7.5170917414e+00
-9.8504301961e+00
6.3671180644e+00
-1.4898085046e+01
2.2072863515e+00
3.3023436977e+00
1.2346516578e+01
-2.6443658071e+00
-5.5852655015e+00
-1.4238947708e+01
1.3294445579e+01
-1.3878285069e+01
-2.0067572416e+01
6.7209744464e+00
-6.0594945680e+00
2.9633670914e+00
-1.4704187484e+01
3.8447152382e+00
5.7173108718e-01
1.7843264496e+01
-6.0998709051e+00
9.5060375391e-01
-9.6370353525e+00
1.3259857323e+01
-1.9550193735e+01
-1.8268793656e+01
1.6587154213e+01
-7.9480661801e+00
-2.0899998863e-01
-1.2522765189e+01
-3.2504218588e+00
-1.0198323290e+00
9.3309687363e+00
-2.3414519110e+01
-3.1867463084e+00
-3.8407027046e+00
1.2921934205e+01
-8.6561317328e+00
-1.0951230257e+01
2.4799275514e+01
-7.7015398419e+00
-6.9583312305e-01
-8.2761625427e+00
-4.1035480023e+00
1.4149315427e+01
1.2019852458e+01
-2.4187606638e+01
3.1406729841e+00
-1.7424179951e+00
1.4790391922e+01
-1.1805136087e+00
-2.9523941031e+01
2.7626087735e+01
-1.1603494127e+01
-5.6955368809e+00
-9.7502912781e+00
-5.5161123135e+00
1.6444840988e+01
-2.9635868033e+00
-2.1891023077e+01
9.2611204940e+00
-1.5318534217e+01
1.5385938631e+01
1.4504940031e+00
-3.1080385160e+01
3.2160322976e+01
-1.5575193447e+01
-9.7560920131e+00
-1.3221285820e+01
-4.4835990544e+00
1.8307872420e+01
-3.4706555568e+00
-1.7760668722e+01
1.2330866432e+01
-2.1122299497e+01
1.5430945036e+01
-1.1859298335e+00
-2.6250994193e+01
3.4456451866e+01
-1.7303568316e+01
-1.7548778902e+01
-1.6786178028e+01
1.4070501885e+00
1.7448752053e+01
-4.3879914228e+00
-1.1733333279e+01
1.3110797755e+01
-2.2518453757e+01
1.5260910855e+01
-1.1418313591e+00
-2.7492444138e+01
3.2987772436e+01
-1.5665348428e+01
-1.5332873635e+01
-1.3916596854e+01
3.2930106714e+00
1.5251856692e+01
-7.9272779242e+00
-1.0683312544e+01
1.1647751967e+01
-2.6343223645e+01
1.4874931433e+01
-2.9255567031e-01
-2.8353481848e+01
3.2430840712e+01
-1.4711201348e+01
-1.4908271055e+01
-6.6662496846e+00
1.9578598665e+00
1.6177040847e+01
-1.7352074060e+01
-1.1485845704e+01
4.2346658293e+00
-2.6070136067e+01
