0
0
0
0
0
0
1
-3
29
52
35
40
64
85
83
57
53
62
54
50
44
36
48
59
61
60
55
41
22
2
-2
4
-2
-22
-37
-52
-60
-51
-43
-43
-62
-94
-102
-91
-92
-100
-91
-89
-101
-109
-117
-124
-105
-79
-67
-76
-73
-56
-52
-41
-39
-37
-15
4
16
11
3
-3
-5
24
47
43
42
43
31
27
35
29
26
48
64
65
58
36
18
18
22
30
37
40
25
23
41
44
39
49
65
58
56
41
6
-11
-15
-1
10
7
9
9
-8
-38
-56
-68
-70
-63
-77
-81
-80
-94
-88
-86
-80
-69
-86
-99
-82
-58
-49
-48
-47
-50
-60
-70
-65
-49
-52
-46
-26
-17
2
20
35
52
43
17
1
0
31
61
48
48
47
49
62
51
47
54
59
72
83
73
57
67
67
42
16
-1
1
-5
-10
-5
-15
-30
-30
-18
-3
2
0
0
-9
-36
-68
-71
-52
-42
-35
-35
-49
-60
-80
-99
-93
-84
-68
-65
-56
-32
-29
-23
-20
-36
-57
-66
-63
-53
-24
-4
2
11
-13
-48
-49
-35
-14
-6
-15
-15
-8
-11
5
13
13
19
18
10
-11
-21
-34
-29
-12
-10
-10
-3
-4
-19
-27
-28
-30
-34
-28
-23
-37
-42
-39
-31
-21
-22
-20
-27
-34
-30
-26
-15
-5
-10
-13
-11
-12
-10
-6
8
36
53
51
47
50
50
52
68
79
103
123
125
120
116
117
100
88
88
91
97
92
84
96
113
110
92
72
59
64
52
33
37
40
17
8
23
16
13
18
12
0
-18
-25
-25
-25
-22
-26
-36
-46
-48
-28
-22
-39
-40
-26
-15
-21
-42
-59
-55
-52
-54
-56
-52
-42
-22
-14
-20
-12
-6
4
7
12
24
19
6
-10
-30
-23
-8
-9
-15
-8
-9
-9
6
20
27
24
11
20
30
22
13
-1
-2
3
-2
-4
-15
-24
-15
-6
-2
-16
-36
-38
-23
-23
-33
-16
6
16
5
-6
10
9
6
12
14
19
17
25
43
42
30
36
58
64
52
42
45
52
62
62
54
62
75
69
48
37
28
25
37
44
38
27
24
15
22
35
23
4
-10
-11
-8
-14
-8
1
-7
-29
-48
-42
-30
-26
-17
-13
-32
-66
-85
-73
-49
-43
-76
-75
-49
-54
-50
-42
-36
-16
-25
-49
-49
-57
-70
-59
-43
-57
-79
-77
-66
-50
-21
-5
-15
-27
-28
-5
10
15
5
-10
-9
0
10
2
4
12
-1
9
25
28
23
17
20
3
-3
2
1
2
2
12
14
3
-8
-16
-20
-20
-29
-38
-30
-22
-20
-25
-27
-16
-12
-35
-52
-51
-54
-43
-23
0
29
21
3
2
-8
-28
-20
17
19
13
19
37
46
24
14
16
26
42
55
81
80
70
67
64
69
68
62
55
56
44
35
45
55
59
62
57
40
29
11
5
11
-2
-7
8
9
-11
-40
-51
-57
-64
-56
-55
-53
-40
-36
-64
-90
-91
-91
-84
-78
-73
-57
-55
-74
-83
-83
-63
-38
-21
-33
-52
-48
-46
-27
-4
-10
-27
-15
-1
-13
-19
-21
-34
-36
-26
-8
0
-9
-4
2
-6
7
26
35
37
42
45
44
49
45
44
47
52
63
63
58
51
35
30
21
16
22
30
24
9
13
23
28
25
21
33
27
6
-1
-4
-5
-8
-14
-33
-44
-22
-2
3
3
7
-3
-14
-9
-4
9
12
-6
-13
-3
15
27
45
52
40
38
46
54
66
74
82
76
66
57
43
34
35
34
36
34
32
40
43
44
31
24
26
16
15
27
19
0
-6
-6
-15
-15
-7
-6
-3
-4
-11
-22
-35
-34
-19
-22
-34
-39
-43
-35
-16
12
35
27
11
3
-8
-19
-23
-13
6
27
31
41
50
33
19
14
5
2
8
14
21
34
39
34
28
16
2
0
13
5
-30
-30
-16
-11
-10
-23
-27
-35
-45
-43
-35
-44
-61
-63
-59
-54
-64
-76
-82
-93
-87
-77
-78
-61
-46
-49
-58
-63
-63
-83
-89
-93
-89
-54
-23
-6
-16
-30
-24
-26
-30
-18
-5
-7
-1
-3
-4
15
26
24
21
25
31
41
66
79
52
14
-1
2
20
41
41
35
44
56
63
57
47
43
29
18
10
15
21
20
11
10
25
35
49
54
41
9
-22
-7
19
21
24
18
8
2
3
4
-2
-16
-7
6
8
6
-22
-37
-38
-39
-47
-41
-16
-9
-7
-15
-8
16
6
-13
-16
-19
-23
-25
-13
2
-12
-28
-40
-29
-10
-5
3
-2
-5
-4
-31
-47
-35
-26
-14
-2
-5
-13
-13
-27
-47
-39
-33
-46
-57
-58
-40
-35
-49
-58
-60
-47
-49
-46
-22
-13
-3
19
21
-2
3
24
25
17
0
-14
-18
-21
-1
33
45
42
43
39
31
35
34
40
59
71
66
54
46
46
47
53
51
37
28
22
25
24
23
25
25
25
29
36
34
37
35
18
25
34
36
50
49
44
37
30
31
38
47
40
23
17
17
27
35
33
19
13
13
4
8
17
19
12
0
-5
0
16
31
24
10
-2
-2
11
25
34
32
26
7
-9
-20
-19
-16
-25
-42
-49
-54
-67
-49
-25
-26
-34
-73
-107
-90
-67
-58
-63
-88
-108
-99
-79
-66
-58
-38
-33
-57
-77
-70
-45
-10
14
-4
-26
-30
-26
-16
7
30
29
19
20
31
32
36
35
25
25
47
73
65
67
76
66
53
50
63
64
53
46
47
52
46
31
23
22
15
6
6
6
1
0
-8
-2
12
7
-12
-35
-54
-58
-48
-42
-52
-74
-77
-74
-86
-88
-88
-81
-64
-64
-74
-73
-63
-65
-87
-87
-57
-63
-72
-55
-62
-56
-23
0
22
28
5
-7
-4
22
40
42
52
43
45
56
55
74
105
97
84
99
100
83
82
83
73
57
44
45
60
67
59
60
50
20
-3
-22
-27
-21
-24
-44
-63
-71
-61
-49
-56
-58
-68
-79
-86
-92
-95
-99
-103
-101
-91
-100
-92
-80
-84
-74
-76
-75
-73
-72
-65
-56
-40
-32
-44
-45
-61
-82
-63
-56
-54
-26
-3
2
-2
-14
-21
4
38
52
70
80
73
67
54
53
65
85
89
79
82
61
52
71
73
62
52
42
34
47
66
70
62
45
28
26
37
46
62
66
54
65
77
84
90
80
59
39
48
60
63
72
85
81
65
51
39
46
52
51
36
28
40
52
40
23
18
7
-2
-7
-12
-18
-23
-19
-18
-10
1
-1
-14
-38
-43
-30
-33
-31
-21
-9
-10
-32
-49
-60
-68
-67
-61
-66
-68
-57
-54
-42
-35
-50
-54
-58
-57
-47
-43
-34
-32
-23
-18
-43
-59
-57
-47
-37
-37
-31
-20
-25
-34
-50
-47
-7
24
31
27
23
17
17
20
24
46
56
44
36
30
24
28
28
28
37
55
75
74
71
65
50
49
45
22
17
23
27
36
3
-31
-44
-48
-36
-46
-54
-47
-45
-57
-81
-98
-96
-78
-66
-65
-68
-85
-84
-63
-59
-60
-65
-84
-87
-69
-51
-55
-56
-42
-29
-19
-24
-12
14
30
33
23
27
36
49
83
104
98
96
93
89
84
67
73
89
101
115
117
93
76
74
73
94
94
68
70
87
97
83
54
46
64
72
59
42
28
25
23
18
20
20
7
-10
-18
-10
2
5
-1
-6
-5
-10
-14
-23
-47
-57
-69
-80
-56
-43
-61
-68
-77
-93
-86
-67
-60
-71
-85
-92
-74
-52
-42
-41
-47
-43
-23
2
13
10
-4
-22
-32
-19
8
22
19
12
14
13
-14
-26
-18
-16
-12
0
15
-1
-4
-11
-35
-27
-34
-52
-63
-63
-38
-22
-13
-2
-4
-32
-58
-67
-72
-61
-35
-16
-19
-22
-28
-35
-56
-82
-80
-65
-58
-59
-66
-65
-63
-40
-10
-19
-30
-47
-45
-21
-8
10
22
22
7
-2
0
3
15
29
41
46
40
40
48
64
75
75
73
70
63
68
72
73
76
60
32
18
22
19
17
20
14
5
-14
-34
-43
-42
-25
-13
-27
-38
-35
-24
-15
-24
-43
-65
-70
-62
-58
-44
-35
-22
-10
-23
-27
-15
-2
12
24
26
23
23
30
23
9
4
-3
6
25
55
56
50
48
41
54
47
37
43
48
59
74
73
59
46
42
39
34
41
49
49
46
33
17
3
-9
-23
-19
6
19
21
23
21
19
17
3
2
8
12
14
16
31
49
50
38
39
46
33
20
27
40
51
57
52
34
9
-4
5
16
32
51
62
64
62
52
45
49
47
39
28
31
26
24
18
-4
-3
-16
-40
-54
-54
-49
-64
-68
-54
-46
-40
-41
-40
-42
-42
-39
-48
-55
-67
-81
-89
-92
-92
-89
-89
-83
-80
-99
-111
-116
-109
-86
-75
-71
-88
-91
-69
-57
-38
-30
-23
-10
0
19
24
24
32
27
30
26
6
8
28
47
41
18
9
27
32
35
69
71
48
45
47
44
49
64
58
43
33
20
8
-1
-15
-28
-28
-24
-24
-28
-49
-61
-52
-52
-54
-52
-58
-63
-64
-54
-26
-10
-6
-8
-7
-7
-18
-23
-27
-14
16
29
31
16
0
9
34
45
45
50
48
47
62
70
66
65
70
47
29
46
46
47
54
46
34
22
22
16
-3
-7
6
7
-12
-18
-5
2
8
7
9
3
-14
-12
-6
3
1
0
19
32
40
19
-10
-22
-24
-20
-33
-42
-37
-22
-3
8
5
-5
-9
-21
-27
-15
3
3
-21
-39
-33
-38
-59
-49
-41
-49
-59
-46
-19
-9
-17
-36
-48
-47
-35
-37
-50
-56
-58
-58
-54
-43
-25
-26
-40
-53
-45
-29
-40
-42
-51
-62
-56
-30
-6
5
8
2
2
0
1
15
37
43
42
42
37
31
31
34
37
35
30
43
63
61
55
46
30
28
42
47
43
52
55
46
40
56
66
64
57
53
53
53
65
69
56
30
13
27
35
23
18
25
30
31
34
28
29
24
2
3
-4
-24
-4
11
3
-7
-16
-23
-41
-48
-58
-54
-28
-27
-25
-15
-22
-36
-44
-48
-40
-17
1
10
-10
-15
4
21
37
41
27
20
20
25
42
52
45
38
40
41
42
58
64
47
25
7
-7
-11
2
9
8
-1
-21
-23
-27
-36
-33
-34
-44
-43
-46
-63
-56
-43
-34
-33
-47
-58
-65
-78
-78
-69
-73
-74
-68
-77
-75
-66
-71
-79
-102
-108
-88
-62
-56
-68
-76
-80
-83
-83
-56
-32
-35
-23
-27
-40
-25
-20
-15
-3
-3
17
52
56
38
37
48
41
48
64
64
63
57
59
73
83
76
72
96
110
95
82
66
54
69
66
56
62
62
50
30
9
7
3
-3
14
22
21
17
15
15
15
-3
-29
-22
0
10
12
0
-17
-33
-44
-39
-26
-10
-10
-5
5
-1
-4
-9
-5
-9
-11
9
27
36
27
19
24
15
6
15
17
19
4
-14
-12
-13
-5
2
-6
-18
-32
-37
-37
-31
-19
-23
-43
-52
-51
-49
-38
-33
-42
-58
-66
-59
-51
-55
-49
-34
-28
-32
-28
-15
-9
-9
-11
-13
-14
-5
4
22
23
12
8
7
11
5
5
-4
-14
0
27
39
29
22
19
22
12
-11
-2
12
13
31
53
58
59
62
49
24
3
-6
-5
8
29
38
39
33
28
27
17
-10
-20
-8
2
15
29
15
-4
2
3
3
3
3
5
5
25
45
38
24
14
14
18
8
9
8
-2
14
33
42
47
39
27
24
30
21
23
26
9
-7
-12
-8
3
4
-7
-15
-11
-15
-29
-35
-31
-32
-28
-10
-4
-11
-19
-33
-25
-17
-24
-20
-14
-17
-25
-36
-53
-63
-85
-100
-84
-54
-42
-56
-67
-72
-71
-65
-54
-44
-39
-34
-22
-2
7
11
-13
-23
3
2
-6
0
1
1
6
15
46
66
56
46
40
27
42
58
65
83
89
93
88
88
94
76
57
37
25
39
67
80
54
26
20
25
24
11
28
44
29
27
25
21
13
-1
-21
-22
8
17
12
9
-4
-12
-11
-6
3
5
1
5
9
1
0
-4
-21
-22
-11
-11
-17
-20
-14
-16
-14
-8
-16
-1
22
21
6
-11
-17
-3
2
-8
0
4
5
17
25
13
10
10
-12
-25
-22
-16
-1
9
0
-14
-26
-41
-46
-35
-20
-7
-14
-28
-29
-28
-38
-47
-38
-33
-32
-35
-38
-31
-46
-54
-51
-73
-83
-78
-65
-60
-86
-82
-58
-51
-42
-46
-37
-26
-44
-58
-50
-35
-26
-45
-55
-25
4
5
-4
-11
-12
-5
-2
7
3
1
19
25
29
27
18
18
3
-7
25
54
53
42
38
43
29
12
7
3
12
11
14
31
31
32
33
23
21
14
3
8
0
1
21
31
46
41
17
17
22
29
38
33
36
45
48
41
28
17
30
53
42
13
-5
1
23
38
29
13
7
13
12
6
-2
7
19
7
-7
-10
-22
-35
-48
-59
-60
-58
-61
-73
-81
-68
-54
-57
-60
-70
-92
-96
-87
-76
-70
-79
-81
-69
-70
-59
-56
-58
-40
-44
-53
-42
-37
-38
-41
-16
-4
-5
1
3
-4
-4
24
43
47
25
5
1
5
16
10
10
15
10
30
54
42
32
32
28
37
47
68
68
34
9
3
13
20
19
17
28
54
47
24
28
38
31
13
12
35
29
-3
-20
-28
-15
8
10
7
-6
-11
-17
-13
-7
-26
-32
-28
-38
-42
-22
-7
9
13
-9
-17
-11
-16
6
38
39
42
39
33
26
11
10
11
20
33
34
42
54
49
46
62
64
56
68
70
58
49
48
56
44
15
-15
-26
-31
-32
-24
-17
-31
-49
-43
-31
-27
-37
-41
-27
-32
-39
-43
-38
-16
-25
-44
-41
-37
-45
-55
-49
-37
-44
-51
-42
-42
-56
-53
-33
-30
-28
-5
4
-3
-9
-25
-26
3
30
35
16
-14
-26
-16
-7
11
7
-4
6
10
10
12
9
1
0
3
7
23
31
21
15
25
35
25
11
12
28
28
12
22
27
28
34
36
48
58
63
65
70
75
73
63
61
54
41
36
35
45
50
57
62
53
51
54
54
46
47
44
20
10
20
29
20
8
11
6
11
4
-4
-6
-10
-2
0
2
6
0
-11
-23
-9
21
9
-6
2
-24
-38
-26
-25
-30
-42
-54
-61
-53
-46
-45
-46
-64
-62
-49
-44
-33
-40
-47
-40
-41
-51
-47
-34
-24
-25
-51
-60
-55
-47
-40
-39
-11
10
3
3
6
17
35
37
43
41
27
27
36
38
31
21
13
9
5
2
-6
-2
9
14
0
-16
-15
-23
-19
-1
-1
-8
-7
-1
-5
-12
-26
-34
-34
-34
-32
-39
-53
-51
-38
-30
-24
-27
-40
-45
-36
-33
-38
-33
-29
-41
-40
-22
-34
-51
-28
0
3
-11
-26
-24
-1
1
-17
-19
-5
20
37
41
59
64
52
44
37
43
46
58
76
77
66
47
51
68
62
46
26
22
27
24
15
8
13
16
13
23
35
33
37
42
44
25
4
3
0
-1
-9
-26
-17
-15
-19
-7
9
4
-10
-16
-36
-41
-42
-52
-35
-8
-12
-40
-42
-38
-41
-36
-39
-41
-23
-16
-13
-14
-17
-20
-30
-26
-20
-15
-10
4
26
26
26
18
4
9
-5
-20
-17
-17
-17
-21
-24
-18
-18
-17
-18
-21
-9
11
10
-6
-25
-33
-26
-17
-22
-21
-16
-16
-13
-16
-6
-9
-14
-12
-11
-5
-8
0
-12
-10
12
24
36
31
24
27
20
23
37
39
37
42
37
31
46
54
48
41
34
31
49
59
53
53
53
49
47
41
19
10
5
-3
11
13
-2
1
8
4
13
34
45
33
30
37
37
29
3
-11
-6
-1
15
18
1
6
15
23
44
46
44
49
41
43
46
61
69
52
53
55
39
34
51
60
46
16
2
-9
-5
7
-3
12
23
6
-4
-12
-22
-36
-52
-52
-43
-26
-20
-31
-37
-38
-36
-51
-59
-70
-90
-86
-70
-53
-36
-24
-17
-27
-46
-54
-52
-46
-43
-32
-16
-24
-43
-47
-50
-58
-62
-54
-44
-43
-54
-65
-71
-73
-62
-63
-70
-55
-53
-53
-63
-85
-85
-62
-47
-42
-44
-44
-47
-47
-23
-13
-4
1
-4
1
9
18
28
38
29
11
15
29
31
20
8
8
10
12
17
19
17
21
35
34
27
17
27
39
26
25
21
17
23
21
18
28
57
91
89
72
61
53
49
24
23
39
28
19
8
17
34
24
2
-8
-17
-16
3
20
25
16
-7
-13
-7
-12
-20
-27
-23
-13
-1
-8
-15
-17
-29
-35
-33
-18
-8
-10
-7
-21
-29
-25
-31
-29
-19
4
6
-2
-5
-17
-17
-17
-32
-45
-56
-51
-37
-29
-25
-18
-10
-16
-16
-4
11
15
7
1
3
0
-14
-7
5
-1
7
29
28
22
5
-8
-1
9
15
0
-18
-23
-18
-15
-1
13
27
26
3
0
4
0
16
17
-4
-9
-1
5
0
-5
-5
-11
-2
9
22
21
8
15
10
14
23
25
53
70
72
72
60
68
72
64
59
57
61
71
78
72
74
66
47
41
42
64
74
46
34
43
50
60
58
49
36
28
32
34
27
11
0
-3
-4
-14
-17
-15
-19
-34
-45
-43
-46
-46
-37
-36
-43
-50
-61
-67
-67
-58
-38
-31
-44
-46
-43
-42
-32
-31
-45
-65
-61
-50
-55
-45
-26
-15
-10
-18
-36
-46
-41
-42
-43
-23
-2
11
9
-4
-10
-7
2
13
15
8
14
11
-3
7
13
5
12
14
0
-4
-11
-9
4
-3
-12
-14
-22
-22
-17
-5
8
13
4
1
2
-10
4
8
-3
2
-5
-9
12
18
30
45
29
16
8
3
14
25
26
35
33
28
26
12
13
38
50
37
21
6
0
7
7
-6
-18
-24
-30
-29
-30
-28
-40
-60
-59
-64
-65
-60
-65
-77
-86
-87
-79
-73
-76
-64
-51
-56
-67
-61
-51
-55
-46
-32
-38
-52
-53
-42
-23
0
10
17
4
-14
-16
-25
-28
-30
-22
-3
4
7
17
12
-1
7
14
15
29
54
55
33
26
19
2
-10
-7
6
19
28
31
27
12
8
13
19
13
0
8
24
31
29
35
43
32
36
40
10
-14
-11
-10
-11
5
17
16
10
-2
-18
-33
-31
-10
1
8
11
-4
-23
-35
-14
-10
-36
-26
-3
4
-10
-32
-27
-8
-10
-8
-9
-19
-10
-4
-2
12
38
60
65
48
31
21
14
36
55
59
62
56
53
58
72
71
65
64
57
70
87
99
97
86
78
75
81
73
71
57
38
41
36
20
19
26
30
37
24
4
-7
-13
-2
4
2
0
3
4
-14
-22
-9
-3
-12
-9
0
9
13
-2
-21
-39
-41
-29
-34
-35
-18
-21
-45
-46
-41
-44
-45
-49
-47
-39
-40
-34
-26
-52
-63
-56
-37
-40
-50
-44
-37
-28
-27
-32
-33
-33
-42
-35
-25
-25
-20
-13
-8
4
16
21
26
21
18
31
36
47
58
44
32
34
26
9
5
16
17
2
0
1
5
25
31
21
21
8
2
13
4
3
-5
-15
-12
-16
-13
-2
-1
-2
11
24
17
8
6
2
7
-1
-12
-10
-17
-19
-30
-33
-24
-21
-12
6
26
21
1
-15
-27
-29
-20
-17
-25
-40
-58
-60
-50
-40
-36
-33
-38
-38
-33
-32
-45
-59
-66
-65
-43
-31
-43
-50
-57
-67
-65
-57
-40
-19
-11
-8
-8
2
11
17
23
14
9
7
7
21
22
16
19
14
5
-2
-1
10
10
12
23
21
11
6
11
27
43
46
43
32
26
37
40
34
22
0
-19
-12
-12
-12
7
9
-8
-8
4
4
-1
-2
-4
-4
-2
-7
-6
-5
-3
-2
-5
-8
-9
6
12
1
1
-2
-4
13
16
9
1
-8
-13
-1
7
4
19
32
29
30
29
30
28
16
16
13
5
19
32
29
43
50
33
28
43
52
53
50
42
56
67
62
48
30
23
25
22
25
22
11
22
26
5
-2
2
5
7
15
22
12
-1
-3
7
12
18
20
21
26
18
5
-13
-7
25
31
15
15
2
-14
8
26
35
39
22
13
20
27
24
24
16
15
26
24
12
11
21
20
15
9
-6
-12
-13
-24
-22
0
11
5
2
-12
-34
-40
-44
-53
-52
-65
-66
-50
-42
-35
-26
-25
-42
-58
-59
-64
-61
-56
-71
-72
-44
-28
-28
-24
-28
-36
-42
-49
-34
-19
-10
-17
-25
-25
-21
-15
-19
-20
-22
-25
-22
-7
4
13
39
33
2
-2
4
14
16
12
18
28
24
26
31
28
37
35
32
29
33
45
47
43
38
33
31
30
31
27
30
30
25
18
10
16
16
0
-14
-13
-21
-33
-31
-35
-42
-46
-55
-59
-63
-68
-56
-51
-53
-62
-60
-50
-55
-70
-77
-65
-68
-84
-96
-83
-58
-48
-54
-64
-68
-76
-82
-81
-82
-75
-63
-67
-71
-54
-57
-48
-29
-33
-24
-30
-47
-48
-39
-17
-5
-2
-2
-6
1
2
5
14
21
30
21
13
24
24
30
43
38
46
59
51
49
40
27
30
29
23
19
17
31
28
10
18
27
24
12
5
9
3
2
20
29
5
2
17
18
23
20
19
27
30
20
23
44
52
35
24
12
-4
1
8
11
20
45
52
45
40
37
36
33
33
33
32
20
-1
-1
6
5
8
6
3
-3
0
2
-4
-9
2
10
1
11
29
16
18
14
-14
-21
-6
9
8
4
16
26
8
-7
-5
-7
-9
-25
-36
-15
-3
-20
-25
-17
-25
-22
-4
-5
1
9
2
-4
2
9
25
39
34
22
1
-14
-20
-15
-10
5
23
29
35
30
21
13
11
9
6
13
38
50
46
44
32
29
37
32
26
34
32
29
36
37
35
24
21
24
18
8
6
11
23
31
22
23
24
21
16
-9
-15
-7
0
14
7
-6
-16
-23
-15
-8
-25
-16
8
5
0
-1
-12
-28
-40
-52
-63
-52
-38
-46
-34
-16
-17
-22
-37
-39
-40
-33
-23
-26
-6
16
3
-9
-7
-14
-6
9
20
18
19
36
28
14
2
2
4
-1
0
4
18
23
14
9
13
15
28
39
41
39
37
35
27
39
46
39
36
22
5
0
-3
1
20
27
22
-2
-9
16
10
2
4
-3
-2
-10
-6
-18
-25
-7
-8
-10
-27
-38
-40
-44
-45
-37
-19
-28
-42
-44
-55
-59
-43
-29
-37
-56
-61
-53
-50
-64
-73
-68
-64
-54
-49
-56
-65
-70
-73
-70
-73
-60
-46
-49
-55
-46
-31
-47
-59
-45
-26
-18
-24
-28
-7
7
-4
-15
-22
-22
-21
-13
-2
2
13
19
7
-19
-40
-24
3
20
11
1
-5
-5
1
6
5
2
3
-2
7
17
10
14
7
-6
1
5
9
0
0
15
12
7
4
8
27
51
55
39
33
24
16
17
15
30
45
45
41
38
41
49
41
21
19
31
32
28
18
10
8
-3
-8
-3
-9
2
11
5
11
17
23
18
9
12
16
18
20
35
51
62
57
35
20
14
30
33
28
46
55
55
48
47
47
34
25
18
14
24
26
24
21
23
27
26
21
13
14
7
-7
-5
-6
-3
5
2
2
-3
-10
-9
-13
-21
-16
-10
-7
-10
-18
-17
-15
-23
-34
-38
-32
-35
-29
-20
-26
-28
-26
-35
-46
-54
-50
-41
-38
-27
-18
-13
-21
-39
-41
-40
-42
-45
-38
-11
0
2
-4
-15
-9
-16
-27
-17
-5
-1
5
7
-1
5
15
13
19
19
5
6
14
11
22
28
23
21
17
10
6
8
12
13
15
34
25
17
32
49
60
34
0
-5
6
14
23
23
26
15
4
13
14
6
-11
-14
-10
-3
11
2
-14
-22
-33
-41
-32
-24
-18
-13
-16
-23
-35
-32
-22
-26
-29
-25
-30
-30
-25
-33
-21
-21
-32
-29
-21
-6
10
18
2
-5
3
-10
-19
-29
-23
0
4
-3
-3
3
-3
-4
3
10
11
14
16
-9
-24
-23
-23
-10
16
26
14
2
-5
-6
-9
-11
3
21
24
24
22
5
-11
-13
-21
-33
-45
-45
-24
-20
-9
7
-5
-6
-5
-16
-24
-21
-20
-9
16
16
23
23
4
-4
-20
-35
-40
-40
-27
-23
-9
7
-6
-5
-6
-14
-19
-21
-13
-8
-17
-15
-2
-3
4
6
6
12
13
19
18
20
7
2
33
48
41
28
19
24
24
14
19
21
28
37
46
53
63
65
52
42
36
40
33
26
30
30
31
21
7
-4
-4
8
2
-3
6
9
2
-10
-23
-32
-27
-25
-24
-18
-2
-1
-8
-7
-8
-5
-2
0
-1
-16
-33
-42
-34
-13
-9
-11
9
31
31
26
17
13
27
31
17
29
40
24
19
24
24
13
1
12
36
39
40
46
35
11
-5
3
12
11
16
26
35
49
36
26
17
-2
-21
-34
-38
-52
-58
-52
-59
-76
-79
-88
-108
-102
-92
-78
-64
-79
-75
-63
-49
-25
-40
-46
-33
-41
-43
-45
-42
-26
-20
-10
10
19
16
13
10
22
43
62
79
68
66
84
76
74
76
72
90
106
100
101
93
80
75
61
44
36
38
41
54
51
31
37
37
25
26
23
17
13
0
-4
-5
-12
-14
-26
-31
-33
-48
-56
-49
-40
-40
-38
-42
-53
-45
-25
-20
-24
-25
-20
-15
-1
8
5
11
15
24
19
-4
-9
-5
-4
4
-2
-8
-19
-18
6
8
0
7
17
6
0
7
4
-6
-22
-21
-7
-19
-36
-45
-53
-57
-52
-40
-26
-15
-29
-36
-41
-61
-67
-62
-54
-45
-31
-24
-27
-31
-50
-78
-92
-86
-71
-57
-45
-38
-50
-67
-56
-39
-29
-20
-10
-14
-16
2
2
-2
12
16
20
35
34
16
8
3
2
12
13
17
25
14
2
-8
-9
-6
-9
17
33
18
16
5
-12
-13
-13
-5
7
17
10
0
7
5
-4
-9
-1
-2
-14
-13
-9
-10
-16
-21
-9
-2
-14
-16
-3
11
25
27
25
36
45
28
32
51
61
71
69
73
90
90
70
58
76
94
85
78
81
75
83
94
95
108
95
80
59
53
69
71
75
78
75
66
54
54
46
18
-1
-7
-12
-6
-7
-21
-20
-19
-18
-22
-33
-25
-24
-44
-44
-58
-70
-80
-106
-110
-95
-87
-94
-100
-91
-72
-58
-48
-45
-52
-54
-48
-38
-40
-42
-29
-33
-49
-48
-49
-47
-33
-26
-20
-10
-11
-14
-38
-50
-33
-24
-18
-11
1
8
4
2
-4
-10
-3
3
2
2
0
5
12
16
14
3
6
10
16
24
22
31
51
55
48
38
31
36
32
26
22
34
63
64
48
33
26
33
27
11
13
22
27
30
20
20
21
7
18
27
16
5
-4
3
7
11
7
-15
-18
-21
-26
-26
-28
-26
-45
-50
-37
-38
-38
-45
-52
-51
-43
-42
-38
-38
-48
-48
-24
-2
0
-16
-17
-7
-14
-17
-12
-15
-21
-11
-3
-5
-14
-24
-20
-14
-9
11
12
4
0
-3
2
9
19
19
22
35
35
41
53
49
55
46
23
30
35
45
60
54
52
47
41
42
33
26
24
24
31
27
28
39
31
20
15
9
15
10
-9
-4
-2
-32
-50
-49
-53
-53
-51
-45
-37
-34
-32
-37
-43
-44
-45
-27
-16
-23
-23
-20
-20
-15
3
7
-15
-26
-23
-17
-11
-14
-24
-25
-14
-1
3
12
14
18
18
9
-4
-12
1
6
4
5
6
6
6
14
20
20
28
45
48
48
55
49
33
22
30
24
10
1
-8
2
1
1
5
-5
-7
-3
-10
-28
-21
-13
-24
-26
-22
-18
-15
-23
-35
-30
-29
-41
-50
-47
-33
-24
-34
-53
-52
-38
-39
-37
-25
-30
-51
-53
-64
-63
-48
-49
-46
-53
-53
-28
-14
-21
-33
-34
-24
-11
15
24
18
15
10
9
9
15
28
40
42
43
38
31
29
6
1
15
18
29
32
28
37
38
24
-2
-7
4
-1
5
7
14
21
14
3
-2
-8
-1
9
-10
-13
-2
5
18
27
23
11
22
33
18
12
19
17
8
23
50
56
54
64
64
51
49
44
32
32
41
38
23
-1
8
23
4
3
15
24
20
12
13
9
15
19
2
-12
-26
-40
-45
-25
11
17
3
-20
-36
-35
-36
-33
-24
-31
-33
-21
-15
-24
-44
-38
-33
-36
-33
-42
-41
-45
-63
-54
-49
-61
-51
-46
-72
-87
-82
-83
-73
-60
-57
-54
-54
-64
-72
-74
-74
-80
-75
-69
-66
-57
-59
-64
-67
-55
-33
-30
-26
-10
12
16
15
28
21
-1
-4
24
46
43
45
50
41
44
70
91
96
102
109
97
93
89
76
80
95
88
62
67
70
58
59
58
54
45
32
35
55
65
53
38
12
-2
7
16
18
30
37
25
15
6
-1
-5
-7
-17
-18
-7
11
21
12
10
6
5
18
16
4
18
36
29
-2
-28
-39
-31
-13
-9
-4
-4
-3
-9
-17
-5
9
18
17
15
7
13
31
19
9
12
2
-2
-5
-11
-11
-5
-2
-15
-23
-9
3
16
15
-7
-11
2
-6
-9
-4
-9
-8
-16
-31
-32
-21
-21
-29
-30
-11
-5
0
-7
-23
-11
-7
-4
11
9
-1
1
-9
-15
-18
-15
8
11
9
13
2
-3
-1
-9
-22
-22
-33
-55
-56
-56
-65
-59
-47
-42
-43
-59
-54
-40
-44
-31
-16
-29
-49
-51
-43
-50
-50
-48
-36
-9
-1
14
45
45
32
25
7
2
17
34
38
31
48
62
47
28
25
28
26
44
57
48
56
69
73
56
43
61
71
62
67
60
36
35
31
13
13
28
47
46
32
34
24
1
-2
-12
-30
-28
-14
-1
6
-6
-20
5
28
37
23
3
16
9
13
14
1
6
6
8
7
2
20
29
20
19
21
14
-3
-9
-10
-24
-35
-41
-36
-44
-49
-56
-58
-55
-76
-70
-56
-57
-67
-72
-72
-78
-78
-81
-83
-75
-73
-61
-56
-62
-59
-61
-59
-56
-56
-63
-65
-46
-36
-46
-17
5
-5
-12
-28
-38
-27
-17
-6
12
21
28
21
15
14
15
18
-1
-1
11
15
36
41
26
22
30
34
42
39
40
57
58
36
37
47
36
34
22
13
22
26
30
43
48
22
11
33
33
21
22
18
12
9
15
21
2
-20
-22
-7
10
11
12
14
13
20
20
13
-5
-2
13
17
23
28
30
49
51
23
15
23
36
52
33
15
17
2
6
19
12
0
0
-1
-4
6
-12
-35
-16
-10
-24
-39
-33
-21
-30
-41
-32
-14
-10
-22
-32
-46
-37
-16
-20
-21
-21
-16
-21
-27
-12
-11
-37
-63
-59
-48
-43
-21
-15
-16
-25
-45
-37
-29
-35
-13
-1
-11
-13
-7
-7
-9
1
8
8
6
22
39
32
28
25
14
25
46
46
32
20
5
-2
1
10
16
25
37
30
12
-6
-8
12
9
-9
0
2
-11
-12
-17
-20
-14
0
23
25
12
-8
-20
-20
-14
-8
-8
8
13
0
-15
-13
9
11
14
17
13
25
42
54
46
26
20
26
39
38
14
-1
4
17
37
26
-2
8
19
1
2
10
11
30
32
25
10
-8
0
9
4
4
15
16
19
26
19
2
-2
5
-6
-26
-31
-33
-39
-36
-26
-23
-24
-10
-23
-55
-71
-82
-92
-99
-104
-85
-62
-73
-76
-63
-61
-67
-67
-38
-26
-33
-22
-9
-19
-33
-22
-7
4
23
27
20
11
18
35
44
46
35
35
48
37
29
50
58
63
60
49
51
45
47
61
77
71
39
48
53
15
11
18
14
21
23
21
11
3
-2
-2
-4
3
8
-4
-8
-5
-7
-7
-8
6
20
25
28
26
28
33
36
35
17
7
5
5
17
22
27
27
7
-7
-24
-21
7
5
-9
-14
0
-5
-18
-33
-52
-36
-9
-20
-33
-36
-49
-31
-29
-58
-67
-65
-51
-52
-82
-69
-35
-41
-49
-54
-67
-68
-50
-47
-55
-54
-39
-12
-7
-10
-4
-6
-10
-15
-15
-24
-35
-10
17
0
8
42
31
14
20
30
27
11
8
28
32
30
49
54
60
62
53
52
52
61
69
63
46
24
24
29
11
4
2
0
-1
-12
-15
-11
-17
-14
-9
-15
-23
-39
-41
-23
-16
-19
-30
-48
-27
0
-12
-22
-35
-39
-25
-9
-3
-2
5
13
3
-23
-36
-24
-7
-16
-30
-30
-13
-11
-25
-40
-42
-32
-30
-38
-23
5
8
25
29
14
27
24
10
11
12
20
22
30
37
27
19
18
11
-2
-4
17
40
34
33
39
29
25
26
17
9
-1
-2
7
1
-7
6
32
35
30
13
-1
7
4
-16
-32
-29
-19
-15
-12
-5
3
13
26
22
16
11
9
8
0
18
15
-7
6
19
9
6
9
6
8
15
7
11
15
11
19
23
25
13
-2
5
19
14
-6
0
7
-12
-13
-3
2
-9
-22
-7
5
-5
-18
-14
-6
6
-1
-23
-11
4
-7
2
23
8
-18
-29
-24
-7
6
14
7
-2
-11
-5
20
25
16
4
-9
-25
-34
-25
-5
7
-10
-29
-16
13
41
51
36
34
51
43
43
64
44
15
7
4
4
2
0
0
-8
-22
-24
-25
-39
-46
-49
-55
-62
-68
-70
-54
-32
-21
-35
-55
-44
-30
-50
-66
-42
-32
-41
-61
-77
-58
-43
-55
-52
-48
-42
-22
-20
-15
8
-1
-32
-33
-17
-6
12
22
13
4
-1
-6
-7
3
17
27
34
24
31
47
41
38
29
5
-9
1
-1
-15
-16
-17
-21
-20
-7
-13
-30
-16
2
1
-9
-34
-45
-37
-31
-7
-9
-19
-5
2
6
14
7
-3
-9
-12
-9
-13
12
39
32
30
46
54
45
40
39
39
38
39
39
28
12
4
2
7
17
16
0
-31
-36
-5
6
-12
-22
-8
-13
-36
-37
-18
-9
-15
-25
-49
-52
-47
-57
-46
-33
-25
-19
-29
-31
-17
-19
-20
-28
-34
-26
-20
-3
11
18
2
-20
-39
-51
-44
-37
-31
-21
0
17
6
-17
-17
-15
-11
7
-13
-23
13
19
1
5
22
15
1
11
20
1
0
26
27
34
34
5
7
35
29
13
8
5
17
24
19
24
24
15
18
19
16
27
35
35
34
24
8
20
44
44
29
35
52
43
41
25
12
32
47
58
60
46
43
54
50
44
48
44
41
39
44
54
33
17
19
4
18
42
41
47
40
36
61
68
61
61
64
61
35
35
47
50
50
35
23
36
47
41
37
34
36
34
23
41
21
-3
-11
-24
-11
-31
-48
-35
-34
-27
-25
-39
-47
-51
-40
-27
-27
-25
-47
-73
-52
-24
-24
-16
-5
-9
-28
-31
-18
-10
13
11
-12
-17
-14
-6
3
6
8
2
-8
-10
-19
-29
-28
-28
-32
-33
-40
-30
-24
-20
-21
-18
-5
-10
-26
-35
-17
-19
-24
-18
-15
1
1
-13
-27
-37
-34
-38
-43
-46
-62
-72
-63
-55
-40
-9
-1
-11
-23
-30
-25
-28
-13
5
0
-17
-27
-14
1
-3
-18
-23
-17
9
30
20
19
36
34
26
27
45
63
68
69
54
48
73
72
45
38
41
45
42
38
45
68
80
65
57
55
42
25
27
29
16
-4
-7
9
16
18
-1
-23
-20
-25
-22
5
8
-6
-26
-47
-43
-40
-48
-41
-34
-45
-51
-46
-40
-32
-33
-57
-72
-52
-42
-41
-18
-3
-6
-17
-23
-14
-7
0
5
-3
-17
-1
12
-8
-25
-36
-33
-25
-20
-16
-23
-22
-6
2
20
29
36
45
9
-5
9
5
-7
4
30
29
33
27
4
2
11
11
-11
-26
-7
2
-7
-10
-5
1
0
-6
-20
-27
-27
-40
-56
-61
-63
-69
-74
-65
-68
-78
-84
-94
-93
-90
-86
-70
-67
-66
-81
-85
-72
-71
-68
-68
-56
-30
-24
-27
-6
9
8
15
20
35
32
20
30
37
39
32
30
46
56
68
78
70
58
61
72
62
58
69
52
45
63
69
61
56
51
46
48
58
63
63
63
56
43
52
59
47
59
55
41
46
41
40
28
6
-5
-8
-4
0
5
-6
-19
-10
1
1
-3
-13
-9
-10
-33
-50
-58
-47
-27
-21
-14
-2
12
14
-3
-11
-21
-12
5
-10
-34
-58
-62
-39
-29
-25
-8
-5
-20
-18
-8
-9
-18
-29
-38
-32
-18
-19
-26
-14
3
1
-5
-1
11
24
16
7
3
7
15
8
2
2
-2
1
5
6
7
0
-6
-19
-22
-22
-32
-36
-26
-2
10
7
-8
-7
2
-13
-28
-40
-56
-64
-62
-31
-4
-8
-7
8
11
5
2
-4
-2
8
0
-8
4
11
0
-11
-26
-15
9
0
-23
-23
-8
3
9
-2
-7
-10
-16
-6
6
20
38
44
47
65
68
53
49
55
49
40
35
36
30
6
11
31
42
47
24
21
38
29
18
9
19
29
12
1
-12
-22
-32
-39
-23
-18
-32
-45
-48
-32
-21
-35
-33
-14
-14
-17
-21
-31
-41
-47
-37
-30
-19
2
2
1
1
-9
-10
-12
-29
-22
-6
-20
-24
-11
-9
-30
-48
-35
-31
-28
-14
-24
-30
-22
-24
-3
8
4
11
12
31
40
29
33
34
19
7
12
20
22
32
41
56
74
70
77
70
52
58
27
21
47
47
38
40
39
26
22
32
36
32
39
52
62
59
30
9
0
-8
0
13
29
33
27
14
9
21
25
29
39
47
46
23
-10
-28
-21
-19
-26
-16
-12
-20
-19
-15
-10
1
-10
-32
-41
-38
-53
-70
-60
-37
-39
-63
-76
-72
-53
-47
-42
-20
-17
-37
-28
-12
-20
-24
-14
-20
-27
-12
-7
-12
-10
-11
-33
-40
-33
-30
-31
-31
-30
-30
-15
-3
-19
-32
-29
-21
-13
-28
-27
-10
1
-3
-11
-18
-15
15
30
24
6
0
3
0
-3
-10
-6
-3
-14
-7
3
-6
-7
4
-13
-28
-25
-32
-44
-58
-68
-68
-42
-27
-23
-5
3
1
1
-1
-20
-18
-7
-5
11
25
44
43
7
4
26
23
22
28
20
26
67
77
57
47
31
40
56
48
54
74
78
69
51
39
35
39
38
28
16
11
21
24
24
26
37
43
24
12
16
12
7
5
12
0
-24
-8
-5
-8
-4
-16
-28
-41
-54
-56
-64
-76
-83
-83
-80
-71
-61
-64
-71
-81
-83
-90
-88
-83
-91
-84
-90
-102
-92
-87
-102
-79
-48
-62
-67
-60
-46
-30
-28
-25
-41
-52
-16
17
6
4
19
25
25
27
24
39
52
40
45
47
44
50
46
29
22
40
62
73
85
90
69
38
34
47
49
59
72
73
62
60
65
54
34
23
26
20
5
-1
-13
-14
5
-3
-10
1
17
31
27
10
-1
4
17
29
25
19
19
17
25
21
11
20
36
40
31
44
56
35
9
12
25
25
14
21
24
10
-4
-1
29
45
38
6
-9
-7
-14
-2
7
11
13
18
13
4
5
-4
-3
-1
2
11
13
4
0
4
-8
-15
-9
-26
-41
-36
-38
-23
9
15
-10
-44
-46
-21
-20
-17
-5
-8
-10
-10
-27
-35
-15
0
-4
-3
-9
-5
-4
-2
16
12
28
44
38
35
24
18
18
24
23
15
30
45
41
27
9
9
18
-2
-18
-31
-38
-19
-22
-28
-25
-31
-42
-31
-14
-1
17
10
-19
-38
-24
-22
-30
-22
-26
-32
-28
-26
-34
-40
-36
-33
-34
-44
-51
-38
-28
-7
13
-8
-27
-22
-10
-1
14
29
28
14
8
32
38
30
50
46
38
44
45
39
39
51
60
43
18
15
19
18
11
10
22
41
32
-6
-34
-35
-22
-28
-38
-23
-10
-17
-5
4
-17
-33
-47
-63
-60
-54
-33
-13
-14
-22
-19
5
26
22
2
-10
-8
-6
4
6
-4
-12
-18
-11
-1
-4
-11
0
11
15
14
18
26
13
-1
-10
-19
-20
-17
-5
-13
-29
-18
-1
14
5
-9
-25
-34
-15
-4
6
4
-5
-7
-15
-11
-1
1
-2
6
9
-19
-28
-2
-4
-9
-3
-15
-21
-18
-26
-26
-14
-9
3
9
22
26
23
50
61
47
47
52
67
78
82
71
47
29
25
46
60
60
67
65
69
85
79
77
63
31
37
57
66
96
99
83
75
65
67
61
31
2
5
21
15
-14
-35
-26
-17
-26
-29
-27
-39
-48
-26
-34
-40
-22
-31
-54
-63
-52
-51
-47
-45
-60
-74
-91
-96
-84
-78
-90
-106
-121
-124
-111
-96
-92
-89
-81
-62
-42
-35
-29
-19
-12
-23
-24
-17
-7
16
16
3
11
23
12
2
4
8
15
25
35
44
48
42
24
4
-15
-29
-25
-15
-4
15
18
-9
-29
-33
-25
1
-6
-27
-10
3
4
-7
-18
-18
0
9
-13
-17
-3
9
9
-3
-15
-8
-3
2
7
2
-9
-22
-17
-6
11
27
21
17
13
4
11
15
14
16
24
11
2
10
22
37
37
23
2
0
-1
-1
-5
-1
11
10
7
2
2
13
-4
-37
-29
-16
-17
-3
2
-9
-7
6
9
-8
-17
-26
-26
-10
6
9
-9
-8
8
7
3
0
7
25
39
47
44
35
31
18
17
6
6
24
25
27
37
39
30
14
9
7
11
16
16
13
0
-15
-16
-10
-16
-20
-20
-23
-27
-28
-42
-36
-24
-31
-27
-44
-68
-61
-61
-71
-86
-84
-69
-71
-68
-59
-62
-66
-83
-91
-70
-50
-47
-54
-57
-48
-42
-32
-27
-37
-23
5
10
-1
-6
6
7
-9
-16
-16
-5
11
20
35
39
34
34
24
36
66
84
79
64
67
61
54
60
50
36
32
41
58
49
41
64
88
82
50
35
41
42
62
60
21
6
17
22
19
11
9
21
16
7
-3
-8
-7
-25
-40
-40
-25
-11
0
-10
-24
-23
-30
-36
-35
-21
-12
-14
-13
13
33
21
14
7
2
5
17
37
37
36
46
40
25
13
20
31
27
10
0
21
33
30
26
22
17
17
22
15
6
10
18
3
-5
-3
-6
5
-1
-31
-35
-12
-8
-10
-4
2
3
-4
-19
-40
-61
-70
-74
-59
-46
-41
-42
-45
-36
-31
-20
-12
-14
-12
-7
-10
-27
-34
-32
-33
-31
-26
1
10
-4
8
29
30
29
11
-2
11
19
25
25
13
11
8
-2
-5
-6
-6
-6
-8
-7
-4
-33
-50
-27
-37
-27
-5
-10
-28
-58
-62
-58
-41
-22
-21
-16
-10
-20
-51
-64
-52
-48
-61
-80
-71
-35
-13
0
3
-13
-33
-53
-74
-65
-41
-40
-30
5
30
38
30
12
6
4
7
24
52
67
74
77
75
71
46
35
51
75
83
74
71
86
87
78
77
80
78
54
38
25
5
8
15
25
32
11
-4
-2
10
7
-12
-2
0
1
1
-14
-14
-16
-21
-24
-27
-25
-27
-14
-4
-28
-57
-45
-10
-2
-13
-18
-16
-10
15
29
15
2
4
22
27
22
21
20
23
18
-2
10
46
47
39
51
36
11
-2
-8
7
22
30
33
24
26
38
38
17
-11
-14
9
30
33
28
12
-3
-1
-4
-8
-13
-17
12
25
-9
-34
-31
-25
-42
-49
-45
-38
-27
-43
-47
-17
3
1
-32
-49
-44
-48
-46
-36
-30
-43
-50
-46
-39
-35
-36
-58
-86
-72
-27
5
-2
-5
-6
-7
-10
-41
-59
-56
-41
-14
-13
-43
-43
-30
-37
-34
-35
-48
-50
-50
-53
-49
-25
-14
-19
1
6
-12
-31
-45
-36
-30
-19
9
9
6
5
1
-8
-4
1
2
24
56
67
65
72
80
77
59
31
25
37
45
52
51
56
62
49
50
65
60
57
69
90
88
59
58
52
45
62
74
94
85
62
70
61
55
60
50
36
45
63
54
33
-1
-39
-42
-29
-18
-10
-8
-22
-41
-40
-33
-44
-47
-29
-15
-10
-27
-56
-58
-62
-65
-51
-57
-72
-80
-59
-30
-30
-40
-46
-58
-62
-50
-48
-58
-65
-53
-55
-56
-50
-46
-32
-33
-49
-65
-72
-80
-76
-52
-32
-16
-12
-20
-15
-21
-26
-7
0
11
52
85
77
65
53
23
16
13
21
48
53
69
93
95
83
74
74
84
88
90
90
83
84
85
69
56
72
83
71
60
47
40
43
45
38
25
24
34
27
9
13
15
12
25
-2
-41
-36
-14
-10
-30
-68
-83
-70
-49
-41
-56
-53
-36
-49
-78
-85
-58
-33
-36
-42
-57
-70
-64
-36
-8
-5
-15
-13
-8
5
15
20
13
-4
-3
-21
-22
20
32
33
53
50
28
16
27
31
24
22
27
28
41
53
36
15
12
30
39
38
63
79
49
18
9
3
11
9
0
-5
-8
-11
-8
-9
-22
-22
-17
-5
20
29
23
12
-14
-29
-25
-24
-28
-14
7
24
5
-16
-12
-5
-4
-20
-30
-17
-3
11
27
31
35
28
16
8
3
3
12
21
30
29
24
19
3
-12
-21
-21
-18
-28
-35
-17
-13
-27
-33
-38
-33
-18
-7
-15
-27
-37
-50
-37
-37
-64
-73
-75
-93
-102
-93
-101
-107
-96
-77
-61
-66
-65
-63
-75
-67
-52
-34
-11
-15
-36
-44
-41
-17
6
-14
-18
-21
-31
-13
-8
0
25
21
13
7
10
26
24
30
38
25
28
40
31
19
1
-10
-5
-7
-13
-17
-13
1
16
24
14
6
-9
-18
-6
-8
-15
-19
-13
-14
-23
-16
-23
-29
-18
-25
-43
-41
-23
-25
-49
-56
-47
-35
-12
3
-7
-19
-22
-15
-14
-13
-19
-21
2
12
3
-6
-22
-30
-19
-7
4
8
-1
-15
-13
10
20
4
7
18
20
29
17
9
17
8
-11
-10
-3
-5
-9
0
4
1
-7
-6
-11
-24
-17
-33
-45
-29
-30
-22
-12
-21
-38
-22
1
-16
-39
-34
-25
-6
30
56
49
38
65
79
59
42
53
59
54
74
85
73
67
77
69
49
67
92
97
111
109
103
99
82
69
56
48
47
42
40
46
46
40
51
67
79
80
50
1
-10
12
7
-4
8
17
18
11
-9
-14
-12
-14
-11
-19
-16
-1
4
-12
-38
-22
3
-14
-28
-11
22
13
-1
-5
-19
-8
-6
-12
-31
-39
-35
-45
-28
-30
-44
-35
-26
-17
-46
-75
-63
-56
-45
-24
-13
-7
0
6
4
7
8
1
10
27
25
-3
-25
-35
-23
12
15
-15
-28
-25
-17
-8
-13
-30
-30
-16
-1
-7
-21
-7
13
12
-12
-24
-4
10
-6
-23
-35
-35
-6
42
47
24
23
28
33
31
30
41
49
44
39
35
38
43
42
43
45
31
29
27
13
27
22
7
0
-23
-28
-19
-12
-11
-14
-24
-25
-15
-33
-34
-10
-1
18
9
-6
-7
-19
-19
-4
5
-8
-1
12
-17
-29
-11
-14
-45
-65
-49
-28
-26
-21
-14
-11
-35
-57
-43
-34
-37
-45
-29
-10
-18
-16
-20
-23
-23
-35
-37
-32
-22
-15
-16
-14
-19
-2
18
8
13
9
-13
-1
9
5
-2
-7
10
27
33
36
36
24
9
10
35
47
37
25
33
53
43
12
-5
3
15
10
11
19
16
5
-17
-30
-10
0
2
33
29
-5
-7
14
25
7
2
24
41
40
19
-13
-5
47
64
55
48
43
58
50
27
30
39
34
39
52
54
48
48
37
27
30
43
24
-8
-3
21
42
36
18
2
-11
-25
-38
-22
-22
-35
-42
-36
-38
-44
-31
-34
-69
-84
-69
-57
-44
-39
-70
-99
-82
-49
-52
-71
-101
-118
-109
-91
-78
-66
-64
-56
-43
-34
-26
-34
-34
-29
-31
-29
-20
-1
5
14
24
37
46
36
43
50
51
61
71
91
98
88
78
74
84
89
104
97
73
72
47
45
71
66
65
86
86
70
69
60
60
68
45
33
42
23
30
65
67
39
10
-1
3
-3
-18
-16
-1
16
23
25
23
22
9
-16
-15
4
12
-1
-18
-42
-69
-73
-63
-37
-31
-52
-65
-85
-110
-123
-117
-103
-108
-115
-107
-90
-72
-70
-79
-71
-58
-68
-81
-76
-59
-41
-47
-73
-85
-70
-62
-73
-47
-8
-15
-28
-22
-19
-29
-37
-32
-33
-18
-1
-1
-9
-12
-6
-3
5
-5
0
44
56
25
3
4
19
16
4
9
32
39
17
9
14
20
25
13
-14
-41
-38
-21
-7
-7
-34
-41
-29
-16
-6
-1
0
-22
-19
-12
5
43
33
9
-2
-6
0
16
31
27
5
-15
-10
8
17
16
10
16
13
17
27
29
18
-13
-26
-4
28
58
63
49
33
22
43
62
46
6
-8
9
15
21
31
29
-4
-14
12
30
49
40
18
33
48
35
35
43
24
1
5
36
66
83
78
68
48
22
10
2
15
38
29
18
23
24
-3
-38
-41
-20
5
4
2
18
0
-27
-39
-44
-34
-33
-27
-40
-49
-29
-22
-21
-19
-17
-30
-49
-43
-34
-35
-26
-5
-7
-29
-21
-16
-46
-63
-39
-32
-47
-34
-13
-28
-41
-50
-59
-34
-27
-34
-24
-12
-18
-28
-9
-1
-20
-25
-23
-35
-23
-1
10
28
29
25
33
41
21
-7
-26
-48
-36
-20
-20
-14
-26
-24
-4
-1
-10
-25
-33
-29
-43
-64
-40
-7
-13
-40
-51
-58
-81
-89
-74
-23
23
15
-16
-31
-14
-1
5
6
5
6
-6
4
43
56
48
50
37
43
69
68
77
81
55
29
28
58
90
101
86
77
54
22
14
41
72
63
78
102
91
63
47
64
61
43
40
33
22
25
56
60
30
7
-3
11
25
26
9
-18
-26
-22
-16
-14
-21
-36
-58
-55
-22
5
6
-4
6
18
1
-31
-50
-80
-101
-93
-63
-32
-56
-79
-81
-112
-96
-80
-84
-59
-61
-75
-64
-55
-60
-70
-59
-17
-12
-39
-48
-65
-89
-84
-82
-65
-30
-11
-3
-13
-35
-30
-5
2
-16
-11
6
-1
-10
-12
-8
25
58
57
69
71
39
33
14
8
35
34
35
59
110
125
67
4
2
24
42
81
81
33
34
23
-28
-4
47
51
55
43
36
33
25
52
53
33
36
31
32
42
43
40
13
-24
-33
-39
-32
16
70
86
56
27
2
17
40
27
15
-3
6
61
105
90
41
15
3
16
50
57
40
20
15
44
58
53
72
68
56
72
68
49
58
79
75
38
8
31
37
11
-7
-18
0
20
13
27
46
26
-4
-24
-26
-23
-39
-41
-23
12
29
-8
-32
-41
-60
-59
-41
-40
-47
-35
-11
-10
-15
-17
-38
-46
-61
-100
-110
-64
-36
-51
-67
-69
-46
-51
-74
-59
-34
-45
-81
-124
-117
-58
-38
-46
-61
-66
-23
-6
-28
-41
-76
-93
-59
-18
10
6
-34
-75
-68
-33
-23
-22
-35
-29
-3
-3
-29
-58
-57
-15
32
64
64
19
-5
15
23
19
37
54
68
74
63
58
43
29
26
39
69
87
90
45
6
-15
-39
-13
9
7
26
25
2
-27
-52
-20
1
-19
-33
-48
-34
-14
-20
-19
-31
-56
-57
-50
-25
-7
-22
-17
-34
-73
-50
-12
-27
-68
-65
-47
-45
-41
-33
2
43
47
18
-23
-46
-25
11
40
46
37
40
29
6
-8
1
22
42
61
60
52
36
20
21
19
11
15
13
14
6
-13
-14
-3
1
-6
6
32
52
56
21
-35
-54
-20
17
50
42
-2
-24
-18
24
48
29
15
26
35
16
27
51
50
35
9
10
21
16
16
16
39
52
13
-27
-14
0
-2
-4
-24
-17
-7
-31
-44
-24
13
14
-21
-25
11
20
2
-15
-28
-38
-49
-40
-10
9
-6
-30
-42
-16
16
8
18
35
32
9
-15
-24
4
13
-22
-27
-28
-21
-13
-22
-11
-8
-23
-21
-1
15
17
10
-11
-18
-12
4
17
19
19
27
24
5
-1
3
-9
5
35
34
29
17
12
25
34
26
21
19
14
11
7
9
10
14
6
2
-9
-28
-23
-11
-8
-13
-4
19
33
41
44
17
-40
-58
11
98
104
69
38
22
26
30
46
79
104
109
73
40
36
39
71
71
36
44
62
67
47
21
20
41
63
58
49
32
18
22
29
36
30
2
-29
-42
-44
-23
0
-7
-26
-19
-8
-13
-21
-19
-7
-30
-28
-10
-15
-26
-56
-69
-55
-66
-64
-44
-48
-45
-20
-7
3
13
10
-3
-22
-45
-67
-46
2
18
7
-11
-22
-29
-34
-60
-60
-25
-12
-15
-19
-10
-6
-9
-14
-22
-48
-70
-59
-43
-36
-18
-10
-22
-21
-44
-68
-55
-55
-51
-43
-43
-45
-50
-39
-57
-70
-56
-52
-43
-35
-31
-13
-3
-13
-21
-33
-23
-9
-9
-10
-21
-40
-43
-26
-12
-6
-17
-18
1
7
6
27
43
16
-24
-40
-36
-29
-22
5
21
28
7
-33
-48
-35
-2
21
37
25
-4
2
5
-4
-5
-14
-9
-23
-52
-60
-42
-17
-31
-69
-89
-79
-51
-30
-13
6
1
-21
-43
-33
-24
-30
-4
10
18
26
9
-13
-32
-19
-1
-13
-16
-23
-17
-6
-6
-2
3
9
11
-6
-33
-44
-41
-9
11
-2
6
10
-3
-3
-1
-6
-21
-24
-6
15
15
9
4
-10
1
15
13
26
28
16
24
21
-13
-9
14
10
18
18
6
28
49
23
9
28
30
20
35
48
43
19
-8
-2
35
60
43
3
-7
21
46
54
58
57
43
10
2
33
58
40
20
31
13
-13
-5
14
52
90
94
61
44
47
28
35
61
45
27
39
47
16
7
38
36
32
50
51
59
62
42
33
60
86
47
16
28
18
4
35
74
69
63
54
32
30
40
29
25
30
32
57
46
23
24
6
-17
0
9
4
16
5
-18
-25
-24
-32
-63
-86
-62
-48
-52
-42
-58
-96
-113
-125
-120
-87
-75
-87
-106
-109
-111
-120
-118
-115
-111
-108
-99
-76
-77
-107
-108
-85
-79
-61
-62
-72
-55
-61
-56
-43
-36
-20
-18
-15
0
-10
-23
-8
13
25
11
5
37
40
36
50
22
-9
-9
-2
23
57
65
35
11
33
40
26
38
50
52
48
38
20
11
31
53
57
40
6
15
25
33
62
43
22
28
21
20
9
-8
23
60
64
27
8
20
22
25
18
19
16
6
1
2
26
43
28
4
7
35
52
62
64
36
21
51
71
62
55
45
44
51
48
35
40
74
81
48
29
20
10
11
16
7
7
-4
-27
-33
-58
-78
-43
-8
-11
-26
-43
-38
-53
-73
-53
-58
-73
-74
-78
-62
-56
-56
-70
-86
-62
-52
-52
-43
-55
-65
-50
-41
-24
19
43
21
-5
-23
-19
3
28
38
14
-4
-4
8
13
1
7
10
7
6
7
23
30
11
-23
-42
-29
-13
-8
3
14
-10
-49
-40
-4
-22
-56
-63
-40
-11
-26
-54
-51
-34
-33
-37
-27
-19
-32
-27
-36
-52
-53
-63
-61
-37
14
47
37
25
17
15
40
59
56
46
31
35
43
37
43
48
44
43
44
47
45
47
53
73
116
105
58
24
17
48
54
48
65
61
48
45
55
86
98
81
73
54
30
51
56
44
42
36
44
55
53
52
43
17
9
19
22
39
51
30
-4
-19
-6
9
8
20
42
46
49
57
47
41
37
15
20
29
6
6
6
-12
1
7
-9
-26
-27
-23
-55
-81
-79
-67
-62
-73
-78
-65
-59
-90
-115
-118
-115
-122
-118
-103
-94
-88
-91
-110
-120
-97
-75
-65
-68
-85
-87
-67
-41
-42
-40
-17
-18
-36
-27
-3
2
-2
-11
-9
31
77
84
60
22
-3
13
48
63
50
34
30
37
35
22
23
33
33
18
8
2
7
22
31
13
-6
11
15
0
-2
-18
-36
-24
-4
14
15
13
12
14
12
-6
0
23
1
-33
-30
4
24
-3
-25
-34
-39
-31
-4
27
18
-11
-12
-8
4
29
33
30
21
3
13
31
30
36
48
50
45
46
39
28
32
35
25
28
43
39
38
59
107
124
80
29
4
14
23
43
68
54
33
14
-4
-22
-39
-31
-16
-22
-28
-46
-71
-81
-74
-47
-44
-71
-92
-95
-89
-95
-94
-85
-84
-71
-69
-76
-84
-84
-75
-73
-70
-71
-83
-76
-44
-39
-69
-83
-72
-61
-65
-75
-56
-35
-29
-16
-19
-22
-14
-18
-9
13
29
46
37
19
17
19
30
26
21
40
55
50
42
31
-4
-14
21
65
67
19
-1
12
22
25
27
33
21
15
11
-6
-5
13
26
34
44
25
16
44
38
1
-23
-33
-23
-9
-19
-24
-26
-28
-28
-38
-41
-51
-65
-52
-28
-26
-34
-25
-13
6
18
6
-1
11
30
17
0
-3
-1
1
8
6
1
23
34
61
90
68
40
20
8
19
44
68
72
69
67
64
30
3
7
22
44
43
39
44
36
24
26
25
26
21
5
6
1
-3
18
24
11
3
4
7
6
13
18
14
12
2
0
6
-1
-22
-44
-37
-17
3
19
28
24
4
-15
-24
-15
1
16
32
34
25
2
-21
-27
-18
4
28
57
58
38
11
-16
-11
11
32
41
51
38
13
15
32
57
48
9
-2
22
29
23
21
11
16
21
21
24
20
5
-5
-11
-15
-15
-7
-7
-23
-32
-35
-40
-59
-81
-71
-37
-9
3
-12
-47
-71
-70
-62
-57
-36
-23
-50
-63
-63
-66
-61
-52
-59
-53
-12
10
12
18
11
4
10
2
-5
-2
-1
9
19
34
33
29
22
7
22
42
50
53
44
41
48
46
48
62
50
30
23
6
2
19
50
50
29
20
17
22
33
41
24
3
-4
-23
-40
-42
-38
-15
-19
-27
-18
-14
-2
6
6
3
-7
-26
-42
-44
-34
-40
-47
-44
-34
-13
-24
-45
-53
-52
-48
-45
-40
-42
-33
-15
-9
-13
-28
-37
-34
-14
4
8
2
-27
-44
-12
17
9
-15
-29
-31
-32
-26
-6
7
-6
-21
-21
-23
-24
-28
-20
-15
-21
-17
-15
-18
-1
7
-5
8
21
37
50
40
15
-12
-26
-26
-8
-2
-12
-10
-15
-20
-24
-38
-54
-56
-27
-14
-29
-22
-18
-37
-57
-52
-52
-63
-52
-26
-12
-16
-19
-25
-38
-42
-22
2
7
24
46
29
22
40
34
10
8
32
42
24
5
-5
5
10
-5
-3
11
14
11
25
54
67
70
51
37
45
46
53
49
50
64
70
56
48
67
74
36
6
26
25
24
50
52
46
45
13
-9
-33
-43
-8
3
-4
-16
-31
-32
-44
-44
-43
-50
-46
-52
-51
-39
-37
-31
-27
-26
-17
-30
-31
8
24
28
26
12
3
-9
-27
-43
-47
-35
-10
-3
-21
-27
-29
-21
-1
9
10
15
24
18
-1
-15
9
15
-5
-11
1
25
28
17
0
-13
-15
-8
-2
-5
-15
-21
-10
1
-11
-14
-3
-15
-34
-46
-51
-36
-33
-48
-36
-20
-7
-19
-30
-32
-33
-4
10
-1
22
26
9
7
13
6
13
49
70
79
67
43
29
33
48
66
87
78
46
38
55
71
75
61
42
10
-3
12
23
18
13
25
33
25
16
12
0
-10
-10
-9
-14
-20
-8
1
-18
-37
-34
-33
-13
9
14
32
37
7
-7
-9
-30
-23
-8
13
37
21
2
-2
6
17
25
45
62
44
16
16
23
29
29
17
23
26
32
51
52
51
58
49
28
45
74
95
112
92
54
38
35
46
55
59
58
38
37
38
24
8
-6
-12
-26
-45
-39
-43
-59
-53
-47
-55
-67
-76
-100
-118
-105
-96
-92
-80
-91
-103
-120
-142
-119
-80
-71
-68
-70
-94
-95
-90
-98
-91
-100
-90
-56
-41
-37
-57
-53
-41
-38
-21
-2
14
15
13
30
33
-2
-17
-11
2
26
49
62
69
55
36
49
48
43
67
72
49
28
-3
-8
0
2
26
48
45
46
43
19
4
-5
-6
6
7
6
9
5
1
8
4
-13
-12
-24
-33
-25
-15
-10
-19
-21
-14
-21
-19
-3
7
3
-16
-9
12
18
8
-4
-9
-36
-43
-22
-11
16
14
-14
-27
-6
19
18
-11
-25
6
43
49
28
1
-29
-18
4
4
-2
-33
-41
-22
0
16
13
11
4
0
6
-11
-30
-25
-33
-32
-28
-53
-55
-43
-45
-28
-2
8
-4
-11
-30
-33
-1
-9
-14
-7
-12
-25
-20
-5
-25
-27
-19
-17
-1
-2
-9
2
2
-15
-22
-38
-55
-33
9
36
39
21
5
8
8
15
14
19
43
32
20
30
37
31
36
57
68
64
78
91
76
75
59
51
69
66
71
79
82
67
40
27
21
30
36
53
83
79
53
25
26
22
1
22
48
58
53
27
17
21
25
31
13
6
29
56
64
58
33
15
18
27
28
0
-21
-21
-17
-16
-17
-47
-66
-62
-49
-23
-6
-18
-35
-42
-57
-55
-26
-13
-16
-27
-33
-25
-39
-60
-53
-35
-31
-27
-35
-26
-15
-43
-73
-71
-60
-56
-49
-42
-24
-19
-29
-39
-54
-62
-47
-34
-16
1
-6
-17
-34
-39
-30
-26
-14
-3
-3
-13
-32
-46
-47
-46
-21
10
13
9
-6
-11
0
0
15
33
31
23
18
-1
-10
-4
-11
-5
9
8
4
-15
-24
-25
-28
-32
-30
-25
-36
-54
-60
-69
-77
-71
-65
-76
-70
-48
-68
-66
-37
-16
-5
-5
-11
-21
-26
-23
-4
0
-5
-3
18
31
17
15
17
-4
-20
-29
-15
34
55
36
20
40
55
40
29
41
58
56
45
39
30
8
-14
-9
30
55
42
4
-11
-5
-13
-1
8
13
9
-27
-37
-29
-28
-13
-1
1
11
13
18
39
29
16
-1
-19
-12
-15
-1
12
19
39
23
12
-4
0
16
13
36
37
25
33
12
-9
-4
27
34
33
46
30
23
35
31
29
28
14
-3
-13
-24
-6
37
37
10
-13
-7
18
30
37
24
17
21
-3
4
11
-1
28
48
39
8
-22
-20
7
17
10
12
27
36
34
33
43
57
36
1
-15
-8
12
12
6
-4
-10
10
26
16
28
27
16
22
11
20
39
27
1
-5
9
26
31
10
7
25
30
22
7
-2
-21
-21
-5
-23
-40
-56
-73
-72
-52
-55
-55
-38
-47
-56
-49
-46
-41
-24
-10
-10
-17
-34
-33
-14
0
21
51
60
38
21
24
28
36
54
63
63
48
19
19
19
27
59
65
56
46
57
84
77
69
68
59
54
38
45
58
52
59
45
11
-5
-18
-15
19
43
25
-12
-21
-9
1
-5
-15
-31
-53
-52
-44
-48
-34
-31
-46
-54
-46
-40
-44
-65
-78
-69
-59
-40
-55
-65
-62
-71
-60
-48
-64
-59
-40
-29
-42
-57
-30
-13
-21
-22
-34
-39
-30
-19
9
25
21
4
4
17
32
36
39
33
24
24
9
6
15
12
8
16
8
-13
-11
-2
2
21
28
22
6
-14
-22
-14
-22
-33
-26
-17
13
10
-9
-3
-4
-47
-68
-58
-44
-41
-45
-53
-57
-44
-48
-38
-40
-29
0
-16
-21
-21
-40
-58
-70
-63
-38
-22
-23
-38
-46
-24
-10
-34
-45
-39
-29
-17
-21
-18
-2
6
9
-6
-3
21
18
22
26
17
9
-16
-31
-1
17
10
-2
6
29
50
55
37
8
-2
-10
-23
2
38
37
25
37
37
44
58
50
32
39
53
50
53
43
24
30
56
77
86
100
95
68
51
50
50
72
93
96
113
91
45
10
-5
21
69
77
50
56
61
34
27
27
17
-5
-22
-22
-30
-36
-34
-38
-41
-42
-28
-22
-16
-12
-30
-53
-68
-51
-36
-27
-19
-25
-22
-31
-29
-8
-15
-15
-3
-10
-16
1
14
2
-14
-26
-13
0
-6
-3
5
7
-1
-2
-11
-20
-5
-30
-77
-57
-27
-32
-21
-26
-45
-58
-73
-67
-46
-29
-19
-38
-50
-48
-74
-80
-63
-50
-45
-42
-51
-58
-59
-59
-61
-55
-46
-58
-45
-11
-14
-27
-15
5
3
-7
1
8
28
58
69
54
6
-20
23
59
69
82
62
32
25
42
68
73
61
63
61
65
90
113
113
76
41
41
56
57
53
26
2
5
5
-7
-29
-47
-27
-13
-20
-5
10
1
-3
-34
-43
-22
-51
-71
-51
-22
-13
-13
-7
-1
-1
13
43
42
7
-9
13
42
72
71
32
21
52
60
49
36
30
41
29
38
49
19
13
29
34
30
28
28
21
6
-16
-12
6
-1
-11
-19
-21
-17
-25
-51
-59
-41
-39
-48
-58
-75
-76
-62
-61
-74
-69
-43
-30
-60
-78
-68
-77
-73
-69
-76
-66
-49
-50
-79
-95
-90
-88
-69
-56
-73
-89
-82
-54
-63
-65
-39
-40
-39
-45
-46
-46
-42
-16
-11
-6
14
14
15
24
39
63
65
48
45
42
32
38
49
42
16
12
3
10
39
39
39
38
27
20
12
3
-27
-46
-31
-3
11
0
-15
-19
2
11
2
-6
-12
-1
14
22
20
34
35
14
1
-4
1
25
28
12
26
34
25
43
60
64
75
65
51
56
61
55
47
21
5
25
24
12
7
-4
1
24
21
-7
-12
7
19
-1
-29
-37
-30
-23
-33
-45
-37
-27
-24
-34
-61
-68
-76
-101
-123
-93
-67
-73
-57
-47
-48
-57
-73
-73
-59
-59
-58
-46
-28
-19
-39
-57
-44
-32
-17
-4
-14
-4
22
25
26
42
32
6
-9
11
67
86
78
91
107
106
91
84
85
100
135
134
108
104
95
87
92
84
78
79
89
87
79
60
29
26
30
40
31
3
11
17
-7
-5
31
59
54
38
43
37
9
-7
-6
12
11
-28
-47
-51
-67
-72
-53
-34
-26
-15
-10
-1
20
26
29
29
27
38
38
41
51
42
45
52
53
70
62
53
69
80
71
58
62
61
61
29
-24
-19
4
8
16
21
20
7
-29
-57
-80
-99
-83
-63
-56
-68
-87
-105
-136
-156
-150
-124
-109
-106
-117
-127
-109
-98
-82
-43
-32
-38
-42
-52
-55
-51
-53
-57
-62
-73
-64
-57
-58
-24
5
12
1
-9
-6
5
6
-2
4
8
13
17
26
26
14
40
62
64
53
58
74
69
68
46
27
49
44
36
42
40
51
62
66
54
40
33
19
8
11
31
28
11
13
8
-24
-42
-48
-35
-1
0
-29
-56
-55
-45
-43
-41
-20
0
-11
-31
-49
-42
-11
20
41
19
7
18
20
23
13
23
42
37
17
5
12
28
23
27
43
38
25
8
-7
-22
-21
-7
6
13
3
4
1
-4
0
5
15
2
-6
-12
-28
-27
-28
-35
-32
-25
-24
-39
-54
-58
-55
-57
-53
-33
-30
-37
-43
-76
-87
-61
-45
-43
-72
-73
-52
-59
-60
-45
-17
-17
-24
-15
-19
-28
-48
-49
-37
-28
-29
-27
-26
-39
-26
-32
-43
-9
24
19
14
27
39
52
26
5
18
14
28
49
41
32
31
37
19
-3
-7
15
41
21
11
29
18
18
12
6
17
8
-1
-17
-25
-8
16
31
36
29
33
27
-2
-29
-39
-3
29
22
16
4
-5
0
-16
-21
5
19
23
25
8
5
16
16
29
31
26
24
28
27
27
43
54
56
52
42
50
64
67
89
95
86
91
92
81
50
30
28
20
23
46
40
5
1
17
4
-2
14
13
7
-13
-5
26
24
6
-18
-34
-33
-22
4
12
-1
-12
-19
-10
3
-8
-13
0
-1
4
-1
-18
-11
17
30
18
13
1
-1
-5
-16
-17
-12
-13
-14
0
23
40
43
40
35
20
7
-7
12
47
51
41
33
33
41
42
34
52
78
58
40
33
37
30
18
37
18
-8
-18
-2
29
18
-3
10
4
-13
-15
-12
-13
-32
-37
-19
-29
-28
-3
-9
-11
-2
-4
-17
-39
-54
-31
-17
-15
-6
-2
6
-4
-25
-44
-51
-44
-47
-60
-66
-74
-70
-76
-74
-67
-63
-46
-38
-48
-52
-35
-27
-24
-36
-49
-59
-71
-69
-55
-50
-40
-32
-39
-38
-55
-62
-33
-31
-52
-51
-49
-53
-48
-54
-70
-75
-71
-58
-36
-30
-35
-18
-2
-16
-13
-1
1
-9
-9
2
-12
-3
-5
-24
-18
-13
-10
1
20
30
46
44
-4
-20
6
6
3
19
32
39
44
44
41
43
41
27
28
34
46
51
50
45
27
32
24
16
19
1
4
26
36
37
26
24
23
1
7
46
42
6
-11
-20
-29
-20
-6
-12
-17
-20
-24
-16
-19
-11
9
-5
-25
-36
-49
-41
-17
-12
-23
-15
-15
-21
-7
-20
-18
-13
-30
-37
-36
-23
-11
-20
-29
-34
-30
-33
-37
-37
-36
-48
-60
-65
-66
-70
-78
-58
-45
-35
-19
-29
-31
-26
-33
-30
-20
-10
-5
2
3
2
12
8
-1
11
40
55
34
9
24
40
24
23
41
47
54
70
81
85
94
110
104
88
75
74
98
114
101
95
92
86
83
82
94
98
79
74
80
62
47
58
56
27
11
1
-16
-21
-18
-15
-7
-10
-3
9
8
-6
-13
-18
-25
-25
-32
-22
-7
3
-1
-22
-34
-23
4
7
8
16
23
42
30
-5
-10
9
24
30
48
44
18
19
12
7
13
25
34
12
-2
5
13
31
52
45
34
21
10
9
2
-6
-19
-31
-22
3
32
38
13
8
10
3
-7
-37
-67
-50
-30
-18
-11
-24
-17
-15
-23
-39
-64
-74
-69
-50
-44
-49
-54
-59
-42
-36
-49
-38
-25
-43
-61
-49
-18
6
29
24
-15
-39
-47
-32
-13
3
15
29
30
6
4
6
-5
-6
1
-2
-11
-17
-31
-34
-24
-44
-59
-55
-45
-28
-18
-20
-48
-57
-43
-54
-50
-59
-93
-87
-56
-29
-29
-29
6
13
-4
-3
-13
-22
-28
-31
-24
-2
37
55
35
6
9
36
49
44
48
60
63
63
81
65
42
53
58
47
46
50
41
44
41
46
59
64
48
39
29
30
45
24
18
24
27
25
7
7
9
-16
-25
-38
-73
-66
-38
-30
-53
-74
-71
-55
-46
-76
-97
-85
-78
-81
-97
-116
-100
-66
-49
-69
-88
-74
-62
-55
-61
-53
-35
-49
-72
-76
-45
-1
13
-9
-33
-29
-2
-1
-9
5
7
9
27
18
1
9
9
12
17
-4
-14
8
9
-5
-3
-2
6
13
-3
-8
1
-2
-10
-2
11
13
0
-23
-45
-58
-41
-4
15
21
38
38
18
-25
-36
-7
-17
-7
26
32
30
1
-22
-21
-33
-32
-16
-12
-1
16
20
21
15
-4
-10
-5
-12
-16
9
46
71
78
50
32
39
39
34
22
14
22
39
54
65
58
43
32
24
30
44
66
68
54
40
31
47
53
48
46
46
53
62
51
43
41
44
44
33
36
43
38
21
5
5
13
21
19
7
-11
-18
-3
21
25
17
31
30
-1
-23
-19
-7
-11
-8
-2
-15
-26
-16
5
13
1
-13
-8
-9
-10
-18
-34
-28
-32
-38
-33
-30
-36
-43
-49
-48
-32
-34
-51
-57
-52
-51
-44
-34
-24
-32
-40
-25
-29
-27
-4
-18
-22
7
-4
-3
16
16
17
16
11
4
-5
10
29
45
46
26
19
31
32
29
22
29
48
44
64
71
47
44
40
45
62
50
39
53
59
57
68
79
74
75
90
98
95
95
87
80
88
97
84
57
41
34
41
58
50
31
24
25
22
6
-1
-11
-18
-3
17
16
8
12
0
-16
-10
2
2
7
8
-3
5
10
-9
-30
-47
-62
-63
-34
-14
-23
-29
-48
-71
-77
-88
-92
-77
-68
-73
-77
-79
-76
-90
-128
-143
-137
-137
-138
-138
-142
-144
-135
-121
-121
-129
-127
-119
-117
-132
-128
-111
-103
-105
-134
-142
-113
-96
-85
-78
-87
-74
-48
-55
-69
-59
-43
-28
2
17
16
8
-2
12
25
33
51
62
67
71
70
81
95
103
105
110
124
136
131
138
153
147
142
150
163
172
177
168
164
176
158
125
116
117
112
94
90
91
83
75
51
35
42
39
39
47
40
13
-12
-15
-20
-21
-24
-20
-6
12
26
3
-26
-31
-30
-37
-40
-32
-21
-18
-3
9
-6
-27
-49
-64
-65
-78
-78
-67
-54
-62
-91
-124
-144
-121
-124
-138
-122
-128
-138
-150
-185
-203
-193
-177
-163
-171
-188
-182
-156
-145
-157
-164
-159
-161
-163
-143
-127
-130
-128
-119
-105
-95
-94
-94
-89
-65
-40
-25
2
14
13
26
32
47
67
92
115
126
143
155
168
186
192
185
195
183
174
192
205
203
204
212
214
225
228
224
227
241
241
243
243
227
214
206
206
208
212
205
189
177
144
113
114
116
129
149
136
138
144
127
116
61
-24
-83
-102
-111
-155
-226
-258
-222
-196
-214
-219
-191
-163
-183
-257
-298
-256
-210
-223
-268
-289
-259
-226
-236
-246
-203
-156
-135
-135
-166
-170
-166
-187
-189
-157
-97
-70
-70
-48
-14
18
29
42
66
79
111
137
147
156
161
172
164
159
159
157
149
147
143
127
116
86
57
46
31
21
19
16
18
19
18
13
17
22
20
10
-5
4
13
15
35
42
33
46
58
52
41
26
14
0
-15
-9
22
44
67
90
79
67
53
27
22
32
56
91
100
82
51
9
-15
-16
-2
25
64
83
58
7
-42
-51
-38
-27
-5
2
-17
-55
-99
-120
-101
-86
-81
-62
-32
-21
-46
-59
-57
-65
-99
-117
-98
-63
-40
-55
-76
-74
-50
-19
-15
-19
-10
-8
-29
-43
-29
-15
13
17
-3
15
40
34
10
3
26
49
57
55
58
77
82
69
64
83
110
117
121
130
148
165
158
149
159
179
181
163
142
132
125
93
69
71
100
120
94
82
64
50
68
61
54
53
54
46
31
30
39
42
35
25
-11
-60
-90
-86
-79
-108
-183
-298
-395
-408
-354
-277
-251
-281
-312
-326
-336
-367
-383
-342
-285
-299
-363
-369
-311
-285
-312
-299
-222
-145
-159
-229
-226
-168
-145
-175
-216
-213
-137
-53
-25
-20
11
61
84
79
98
147
192
205
182
169
171
183
203
207
204
202
186
153
136
129
89
57
55
66
71
60
40
31
37
43
50
68
83
94
109
101
46
-31
-88
-110
-80
-22
44
72
34
-15
-44
-53
-58
-48
4
51
48
24
7
-4
-2
-14
-10
48
104
107
73
46
66
79
40
21
63
107
126
132
121
133
133
130
158
193
241
279
274
271
261
225
203
200
219
245
244
236
248
261
254
263
269
253
251
242
221
213
233
252
257
236
216
248
321
318
51
-573
-1099
-954
-324
71
-82
-331
-268
-212
-557
-933
-698
-37
220
-173
-564
-443
-183
-356
-738
-677
-161
187
50
-244
-255
-63
-88
-375
-580
-457
-179
-16
17
59
121
74
-111
-221
-101
128
320
418
418
348
248
119
45
122
241
284
283
276
243
143
-18
-153
-190
-121
-8
69
56
-4
-24
-29
-56
-77
-68
-13
37
48
46
37
5
-53
-105
-127
-79
24
72
16
-68
-130
-138
-91
-23
33
49
62
80
97
97
80
62
59
90
125
119
96
85
83
57
11
-9
-19
-16
-3
28
70
69
41
26
32
30
24
10
9
29
30
37
75
88
37
-18
-55
-85
-95
-84
-76
-98
-185
-256
-226
-178
-163
-144
-118
-125
-167
-205
-186
-131
-124
-162
-155
-80
8
28
-18
-16
28
29
-11
-41
-32
-32
-65
-34
53
91
39
-53
-53
27
106
165
188
219
249
231
191
186
257
320
304
290
321
323
240
145
109
113
138
140
148
174
159
122
109
117
129
138
142
179
219
245
260
260
238
193
163
164
174
146
81
15
0
13
-20
-56
-38
9
38
32
0
-88
-233
-399
-518
-589
-599
-498
-365
-303
-385
-544
-583
-468
-355
-339
-360
-297
-212
-275
-429
-463
-340
-241
-261
-281
-168
-7
4
-115
-185
-127
-64
-79
-87
-32
67
116
84
30
-3
27
82
135
211
278
320
297
209
122
81
88
120
171
206
191
115
35
-9
-55
-69
-35
14
41
20
25
73
50
-33
-65
-3
67
51
16
34
56
24
-23
-24
14
27
5
-16
-7
10
-7
-54
-72
-25
16
61
91
65
54
84
123
165
178
145
112
99
90
93
103
103
84
51
13
-18
-6
33
67
26
-31
0
50
105
169
187
156
127
130
139
144
168
200
209
225
239
223
199
199
220
213
182
159
171
186
171
155
176
193
167
141
143
193
224
207
198
208
219
200
169
177
224
240
168
105
39
-156
-401
-562
-605
-610
-619
-570
-499
-472
-487
-514
-492
-443
-384
-294
-210
-164
-178
-233
-264
-279
-273
-218
-134
-78
-87
-147
-223
-266
-312
-346
-364
-361
-286
-204
-160
-113
-84
-85
-68
-13
74
174
260
304
304
262
188
142
119
103
92
80
78
62
-4
-97
-178
-226
-196
-107
-13
50
63
65
80
94
72
51
92
162
203
174
122
103
96
57
0
-9
20
46
54
17
-40
-61
-41
-30
-29
28
95
119
108
79
70
134
192
145
88
110
137
78
-15
-31
-17
-41
-89
-127
-107
-85
-137
-186
-103
-10
-49
-122
-106
-7
68
58
-11
-16
50
91
83
81
120
118
33
-49
-35
50
67
-8
-66
-47
0
-7
-23
37
119
120
80
65
81
150
197
203
229
256
245
179
122
109
110
111
136
172
188
155
72
17
44
83
42
-11
21
111
168
167
183
245
269
217
175
228
314
317
238
186
190
207
229
224
146
-121
-619
-1059
-1118
-822
-475
-296
-255
-282
-381
-586
-729
-603
-291
-56
-45
-143
-211
-277
-428
-614
-636
-416
-159
-84
-128
-172
-205
-290
-471
-619
-619
-499
-295
-102
9
51
-5
-137
-228
-163
51
314
515
575
496
349
188
84
104
188
247
302
358
332
185
16
-63
-40
39
141
273
361
362
311
252
273
323
346
389
433
442
405
308
213
156
73
-41
-62
55
135
67
-73
-202
-286
-274
-147
9
87
95
83
20
-61
-52
91
214
193
120
110
116
8
-169
-246
-164
-100
-168
-229
-170
-109
-155
-222
-188
-73
3
31
102
212
233
148
90
125
208
221
192
220
244
199
82
-15
-13
26
29
3
-13
-10
-36
-68
-39
13
43
80
148
184
155
101
89
139
207
240
210
168
159
161
145
136
121
35
-5
108
172
41
-94
-74
-25
-72
-84
59
259
302
184
181
364
477
365
266
416
601
327
-544
-1330
-1253
-596
-245
-397
-431
-101
-23
-574
-1050
-760
-83
87
-255
-321
73
267
-138
-631
-566
-112
151
88
-2
74
139
-35
-383
-668
-741
-593
-346
-107
64
81
-106
-333
-394
-267
-52
190
411
514
471
300
102
-31
-84
-16
122
225
269
255
128
-92
-268
-300
-224
-121
-19
81
169
202
152
50
-17
28
114
156
216
301
300
162
22
7
16
-35
-63
31
151
67
-138
-185
-52
69
27
-84
-73
50
164
203
203
218
221
187
115
78
130
161
101
27
10
-7
-105
-210
-218
-159
-145
-133
-28
87
107
73
73
79
45
13
58
181
266
241
150
53
-24
-36
11
57
133
200
150
45
2
44
108
135
144
173
198
181
172
204
201
152
128
163
220
262
235
150
64
-2
-48
-58
-9
72
156
179
156
131
58
-79
-159
-85
52
133
128
115
162
221
275
265
148
-50
-302
-556
-726
-723
-579
-429
-374
-428
-498
-557
-604
-607
-491
-275
-159
-202
-269
-268
-269
-332
-378
-326
-195
-83
-43
-37
-60
-133
-291
-461
-551
-546
-422
-245
-112
-64
-70
-92
-124
-123
-38
136
321
418
434
372
257
155
119
150
185
209
237
303
344
239
77
1
27
76
127
226
344
394
370
328
306
295
275
284
290
264
230
213
181
74
-90
-191
-99
74
56
-115
-159
-82
-78
-143
-122
-16
22
-25
-11
87
115
42
6
49
78
46
64
105
57
-54
-111
-90
-65
-107
-152
-103
-14
19
-33
-83
-48
40
90
77
57
59
79
113
114
60
-2
-25
-6
15
27
41
48
72
103
67
4
-38
-63
-45
17
112
161
122
62
-6
-13
41
103
182
268
349
365
288
190
124
50
-58
-94
9
114
79
-20
-39
-37
-135
-258
-247
-113
-29
-64
-48
125
265
216
127
224
353
210
-68
-199
-341
-784
-1219
-1081
-514
-250
-453
-570
-333
-216
-517
-696
-375
0
-16
-140
37
314
278
-66
-269
-138
69
141
122
85
15
-92
-235
-438
-622
-627
-422
-180
-9
103
137
90
16
26
140
246
321
405
458
417
302
164
35
-46
-46
0
42
72
56
-8
-84
-151
-202
-164
-22
125
190
174
203
268
223
109
49
52
37
4
44
105
62
-94
-216
-259
-295
-302
-253
-222
-227
-201
-83
44
57
26
29
68
104
165
251
280
200
61
5
-28
-146
-228
-167
-87
-102
-133
-51
12
-63
-154
-109
56
154
150
182
288
345
286
209
188
186
172
163
197
263
268
205
147
138
144
115
92
132
183
164
169
234
245
166
66
55
145
209
188
141
119
124
135
123
76
43
60
88
88
81
40
-61
-184
-219
-113
-13
-8
4
35
29
6
21
61
55
19
35
145
261
269
201
209
372
529
320
-461
-1423
-1748
-1251
-706
-604
-519
-74
275
-69
-701
-744
-242
-1
-185
-95
488
835
432
-233
-443
-252
-79
-102
-144
-4
222
288
10
-471
-824
-866
-681
-431
-126
175
310
252
149
123
122
106
151
320
489
500
374
201
47
-99
-197
-199
-119
-51
-28
9
3
-69
-136
-115
-25
50
123
241
395
472
445
391
311
192
76
71
135
135
85
5
-78
-129
-130
-109
-139
-198
-192
-121
-22
91
200
258
260
221
174
209
270
211
110
116
178
150
34
-98
-205
-327
-505
-553
-355
-139
-101
-130
-42
58
6
-66
-18
117
196
191
199
230
153
-38
-154
-135
-34
42
10
20
104
128
70
-15
-83
-150
-174
-63
155
287
255
176
142
157
187
161
107
107
168
246
290
304
271
186
70
12
58
96
80
77
104
94
22
-23
20
66
44
69
216
320
279
215
205
213
213
212
177
191
285
320
298
312
258
-103
-794
-1465
-1677
-1411
-1002
-648
-311
45
214
26
-300
-403
-262
-140
-133
-22
301
501
255
-149
-328
-316
-340
-455
-445
-244
-26
55
-80
-355
-606
-706
-621
-423
-176
64
274
419
447
382
267
192
207
227
177
106
102
130
106
26
-78
-150
-205
-253
-249
-187
-119
-87
-43
64
189
235
210
209
248
307
352
371
366
293
153
20
-66
-154
-225
-276
-291
-210
-110
-47
-53
-72
-68
-58
-26
25
123
191
173
169
265
375
328
149
43
93
104
-32
-139
-127
-102
-186
-302
-322
-318
-362
-367
-221
62
269
255
160
170
215
177
81
12
25
82
141
160
106
23
-59
-117
-96
-39
-35
-41
18
117
180
159
105
66
50
73
142
232
301
302
265
215
126
45
58
110
128
141
162
161
109
48
16
-1
2
12
-5
-31
-50
-89
-126
-92
47
153
151
182
293
384
377
280
217
202
140
42
-8
19
43
19
-41
-124
-154
-147
-237
-459
-700
-769
-628
-435
-278
-112
88
209
140
-5
-48
32
72
-26
-97
-26
44
-40
-207
-281
-251
-235
-251
-250
-199
-123
-80
-75
-100
-155
-192
-145
-26
92
164
196
214
230
198
116
68
72
94
93
51
12
30
74
46
-14
-9
40
75
58
48
69
77
83
116
142
180
200
193
218
243
216
135
47
-21
-36
-22
-47
-86
-110
-124
-148
-170
-164
-130
-101
-105
-121
-112
-35
18
41
86
99
97
108
103
59
12
-1
-1
-3
-4
-27
-100
-197
-259
-240
-173
-123
-109
-110
-59
19
1
-133
-238
-181
-75
-8
70
132
110
12
-73
-99
-95
-160
-275
-278
-148
-22
3
-29
-84
-146
-183
-183
-134
-15
91
146
217
272
261
176
93
58
55
97
171
223
221
231
237
185
127
97
94
108
133
178
221
268
302
256
179
145
165
180
139
99
98
135
174
197
205
189
145
112
115
77
-10
-36
14
36
11
-54
-118
-125
-107
-126
-283
-500
-588
-555
-530
-507
-366
-146
-37
-91
-172
-156
-119
-192
-306
-285
-131
-35
-44
-61
-53
-62
-114
-191
-225
-204
-191
-169
-134
-139
-187
-220
-196
-171
-150
-104
-45
15
40
71
102
108
108
101
80
40
-14
-80
-128
-114
-91
-98
-106
-100
-83
-69
-78
-68
-13
25
66
135
198
259
309
297
252
218
166
116
59
-1
-27
-32
-60
-94
-59
-39
-65
-76
-93
-95
-79
-60
-6
98
195
229
228
205
153
99
81
101
102
48
-36
-94
-103
-142
-219
-250
-201
-117
-32
13
38
102
138
114
100
138
182
189
163
95
21
-20
-43
-67
-108
-154
-174
-154
-106
-61
6
67
82
76
51
58
78
42
-23
-38
15
84
106
57
-24
-61
-45
-52
-94
-87
-28
43
91
99
108
108
81
55
39
47
37
23
25
46
82
53
10
2
10
19
64
136
224
303
327
320
301
274
245
239
255
284
289
252
202
157
96
9
-65
-81
-60
-39
-9
33
50
42
2
-59
-109
-139
-126
-86
-68
-77
-74
-93
-144
-181
-212
-219
-209
-214
-192
-167
-184
-206
-215
-223
-214
-193
-155
-100
-71
-67
-81
-85
-49
-24
-20
-29
-51
-49
-15
22
12
-16
-17
-24
-7
19
25
25
26
21
22
57
109
137
121
91
87
108
113
86
77
79
78
66
49
32
9
-10
-34
-68
-81
-46
1
23
30
25
41
87
107
78
48
39
31
11
-9
-15
-33
-82
-117
-109
-89
-80
-50
-21
4
36
33
13
7
18
34
42
35
15
1
-1
-14
-47
-86
-126
-130
-112
-100
-93
-76
-38
-10
-3
-16
-33
-10
46
95
131
130
93
54
28
27
37
27
2
-17
11
73
110
116
97
26
-103
-258
-376
-452
-498
-449
-288
-81
63
98
49
-5
-35
-74
-120
-148
-150
-156
-137
-71
-13
1
-21
-42
-34
-18
-7
6
-2
-10
-4
-1
-10
-41
-65
-35
7
26
46
90
140
182
199
196
176
149
135
109
95
107
126
139
142
136
118
98
86
78
93
118
120
115
127
149
175
171
157
138
120
103
76
39
2
-11
-32
-45
-71
-108
-99
-95
-111
-122
-113
-72
-38
-16
-1
3
14
48
62
54
58
49
32
19
-6
-38
-64
-85
-116
-132
-126
-120
-102
-90
-71
-26
20
64
97
128
154
154
144
120
67
4
-40
-31
15
67
78
32
-10
2
44
59
51
30
13
25
39
46
57
27
6
37
48
29
12
-15
-14
-16
-37
-31
-38
-40
-23
-25
-47
-74
-83
-65
-83
-129
-144
-137
-127
-115
-88
-66
-46
-25
-29
-46
-40
-14
17
61
79
81
59
-4
-46
-97
-140
-136
-144
-152
-138
-136
-128
-130
-150
-145
-91
-3
51
66
82
109
111
102
95
98
123
130
111
88
57
35
25
12
29
61
106
159
173
158
132
104
104
140
184
195
208
216
192
167
128
102
66
26
1
-15
-5
-5
-9
-24
-56
-65
-40
-2
14
6
19
45
40
5
-36
-75
-84
-90
-101
-86
-62
-57
-51
-58
-75
-66
-65
-68
-70
-68
-80
-96
-108
-119
-96
-64
-38
-27
-15
-1
3
-16
-36
-8
36
60
60
38
12
-14
-38
-49
-39
-22
-13
-17
-20
-20
-39
-55
-63
-50
-23
7
20
17
16
9
-13
-27
-42
-52
-50
-57
-69
-68
-34
-22
-57
-88
-114
-134
-121
-101
-89
-68
-52
-61
-60
-45
-41
-37
-32
-42
-47
-26
-6
-23
-49
-53
-60
-74
-76
-77
-79
-80
-82
-80
-80
-93
-99
-71
-37
-52
-92
-104
-102
-83
-64
-71
-73
-29
-1
-6
-28
-68
-90
-86
-67
-54
-60
-70
-65
-41
-4
-8
-46
-69
-64
-56
-32
15
27
24
18
7
15
38
53
45
44
67
103
123
120
120
112
106
86
65
67
77
98
144
197
185
129
101
113
125
125
128
154
178
178
190
192
173
138
111
100
93
101
118
120
112
98
82
74
63
62
60
56
78
88
81
83
65
54
53
22
-6
-22
-29
-17
-4
-32
-78
-130
-141
-107
-97
-91
-76
-80
-81
-78
-67
-47
-45
-35
-29
-20
-27
-59
-72
-73
-72
-83
-87
-70
-50
-10
17
11
0
-10
-14
4
25
17
33
62
63
57
66
80
61
32
17
11
13
23
37
37
34
43
48
47
28
-6
-25
-17
-5
13
46
70
85
79
58
52
41
26
7
0
10
16
12
-21
-48
-56
-49
-48
-73
-85
-63
-30
-7
9
-1
0
17
-2
-17
-6
-10
-25
-31
-32
-23
-23
-54
-96
-132
-135
-116
-84
-51
-46
-28
22
44
17
-9
-12
10
42
41
14
-12
-31
-35
-48
-79
-120
-159
-161
-115
-58
-15
30
42
6
-15
-6
-4
-12
-10
17
46
46
57
50
25
4
-13
-4
5
-6
20
57
73
82
79
79
85
98
105
101
102
106
130
139
130
100
61
72
81
58
48
35
35
44
39
17
-23
-42
-35
-30
-7
32
54
46
11
-9
1
3
-22
-53
-50
-23
-6
-19
-36
-39
-51
-61
-51
-49
-55
-51
-48
-38
-8
0
-31
-58
-57
-34
-23
-36
-48
-51
-54
-45
-31
-33
-24
-4
1
-22
-68
-107
-90
-48
-33
-23
-15
-10
-5
-22
-48
-70
-64
-40
-12
20
30
17
-4
-22
-49
-79
-96
-87
-55
-46
-45
-22
-3
-6
7
20
25
19
7
26
50
42
43
70
59
25
14
13
31
61
67
67
72
87
80
48
7
-17
-1
-7
-23
-5
16
6
-21
-42
-51
-47
-73
-122
-134
-113
-80
-35
-39
-82
-82
-74
-94
-123
-122
-86
-78
-73
-56
-66
-85
-87
-56
-13
12
5
-17
-21
-3
-5
-42
-54
-29
6
34
52
59
66
87
88
73
47
19
8
20
45
67
79
102
102
72
65
74
87
89
77
77
97
120
119
106
96
76
60
64
55
35
38
47
45
35
26
11
-6
-7
-10
-7
-7
8
57
63
33
21
35
43
2
-27
-11
8
-8
-54
-65
-34
-12
-46
-98
-108
-86
-78
-74
-54
-28
-16
-27
-41
-42
-54
-85
-72
-21
-4
-24
-40
-43
-38
-54
-79
-106
-115
-79
-54
-45
-25
-13
-1
-8
-4
39
62
56
58
78
103
99
49
8
21
50
61
50
59
60
44
31
19
32
35
17
19
34
52
57
38
50
54
45
31
18
34
51
76
75
48
21
17
28
20
10
10
4
6
18
10
-12
-36
-58
-69
-62
-27
-5
8
32
44
46
24
-6
-7
18
11
6
6
-26
-47
-67
-72
-76
-87
-69
-44
-43
-35
-6
1
-21
-36
-51
-43
-7
2
-15
-27
-21
-24
-34
-43
-35
-13
-17
-64
-83
-39
-8
10
33
45
37
8
-10
11
44
64
69
66
49
45
73
88
61
37
26
10
3
-6
-15
-7
10
26
37
44
49
61
74
71
60
59
55
45
30
34
50
50
27
2
13
30
27
-2
-19
-8
-23
-41
-65
-73
-63
-65
-54
-39
-35
-45
-76
-78
-36
-2
-10
-36
-41
-37
-52
-69
-55
-50
-52
-49
-73
-74
-51
-33
-29
-16
7
18
18
19
33
42
41
35
35
31
17
16
26
17
13
10
-20
-37
-16
4
7
4
1
6
10
-5
-31
-29
-30
-22
10
-8
-39
-42
-42
-39
-45
-46
-24
-1
1
-11
-12
-3
-4
-15
-6
3
-23
-40
-52
-44
-14
-29
-45
-10
25
26
27
14
-21
-40
-41
-33
-11
-1
-11
-29
-36
-21
-27
-46
-22
13
11
0
-6
7
27
45
56
54
49
38
16
6
33
64
65
49
24
-17
-40
-35
-22
-13
-5
9
49
85
60
-5
-37
-14
15
14
-13
-41
-34
-11
0
6
-1
3
12
12
17
25
4
-24
-28
-15
-10
-21
-22
-31
-16
17
17
-5
-19
-12
-16
-31
-35
-32
-20
11
22
10
2
-12
-11
19
50
37
0
-22
-24
-26
-29
-12
26
51
51
51
62
69
63
50
22
9
18
10
3
17
31
50
37
-11
-42
-50
-76
-102
-80
-43
-38
-44
-51
-79
-97
-84
-52
-22
-13
-18
-21
-27
-25
-31
-24
-6
-15
-27
-16
-18
-28
-18
8
8
-9
-5
-3
7
14
25
23
-5
-11
8
31
46
46
43
38
22
43
55
37
50
49
46
72
59
33
17
-19
-41
-30
-8
22
55
74
72
67
63
50
44
60
77
71
58
26
-16
-11
-3
-12
4
19
21
1
-6
0
-25
-34
-26
-31
-20
10
41
51
22
-6
-5
-12
-40
-51
-46
-26
-7
-4
-6
-18
-9
15
22
34
17
3
25
28
3
-32
-39
-15
6
-1
-6
1
21
11
-6
-2
-13
-5
16
8
-14
-18
-6
-1
7
19
11
1
-4
-1
10
2
-6
-24
-38
-25
-11
-11
-10
-22
-44
-49
-44
-38
-28
-8
4
0
-6
7
18
26
24
21
37
36
10
21
43
43
39
36
29
17
7
13
16
24
42
50
62
92
100
63
35
43
60
63
60
59
50
26
-3
-15
-45
-66
-67
-59
-31
-6
10
-5
-38
-45
-38
-39
-22
-12
-4
3
1
-13
-67
-110
-117
-98
-77
-60
-51
-53
-60
-73
-73
-60
-58
-57
-46
-41
-42
-49
-38
-29
-33
-31
-55
-85
-57
-26
-44
-49
-25
-5
1
12
10
6
28
47
53
42
15
-11
-40
-60
-43
-25
-46
-55
-39
-34
-38
-54
-59
-51
-53
-55
-30
8
19
10
14
26
11
-6
8
10
12
22
10
3
-10
-46
-56
-31
13
31
25
29
41
61
69
64
73
68
39
27
26
37
59
49
16
8
25
42
56
49
40
39
33
35
41
50
72
83
74
89
106
102
80
55
46
41
52
58
32
16
7
-13
-12
-17
-27
1
20
19
19
12
10
14
15
31
56
74
55
47
54
32
10
-14
-26
-25
-24
-21
-24
-15
-24
-35
-40
-61
-80
-88
-81
-63
-49
-46
-39
-50
-85
-118
-110
-67
-64
-80
-68
-56
-77
-96
-102
-111
-115
-112
-70
-41
-40
-39
-61
-82
-83
-81
-59
-42
-52
-72
-68
-24
6
15
26
22
35
54
52
48
35
33
33
32
29
32
34
29
22
23
22
11
13
-7
-12
24
47
48
61
74
59
60
85
88
73
74
80
89
86
32
-24
-36
-41
-37
-15
12
40
47
58
73
75
73
60
36
26
34
19
-4
12
44
56
45
8
-18
-10
-1
15
11
5
20
33
33
1
-12
-13
0
49
67
53
38
19
14
-2
-35
-41
-7
18
17
2
3
23
28
8
6
2
-18
-18
-38
-54
-25
14
30
21
7
1
5
14
28
5
-37
-56
-61
-65
-80
-68
-46
-46
-56
-90
-125
-130
-125
-111
-94
-73
-49
-43
-49
-56
-57
-45
-44
-45
-40
-36
-41
-52
-37
-16
-15
-22
-15
-2
1
-22
-44
-46
-30
0
14
26
35
13
4
12
0
21
59
68
60
46
35
26
31
26
34
57
49
19
5
-3
1
14
16
18
11
9
19
40
47
30
41
59
72
88
94
111
125
121
106
66
40
33
11
3
6
-2
-14
-20
2
5
-14
-7
22
18
6
-9
-23
-3
28
52
52
37
15
-12
-22
-24
-29
-25
-23
-37
-46
-46
-43
-29
-20
-6
15
21
27
12
-4
-6
-26
-29
-21
-11
-15
-20
-11
-10
-2
-6
-32
-42
-47
-60
-61
-57
-46
-32
-10
17
21
-1
-19
-10
19
34
14
-3
4
21
16
20
34
18
-10
-15
-10
-11
-7
-18
-23
-13
3
17
-5
-21
-3
12
18
-2
-19
-1
10
2
-15
-33
-49
-36
-17
-28
-39
-55
-75
-84
-108
-92
-49
-19
-10
-17
-13
-12
-21
-39
-44
-38
-27
-9
1
-20
-19
8
13
21
16
-4
-6
11
23
18
11
16
24
34
55
80
85
84
72
64
69
64
69
81
88
81
66
68
70
64
58
64
69
53
53
58
38
16
1
6
26
43
54
63
72
55
27
14
15
21
14
4
4
24
35
7
-11
-13
-18
-9
-8
-19
-13
-16
-38
-48
-58
-67
-61
-64
-75
-61
-53
-71
-69
-46
-21
-24
-35
-37
-41
-56
-81
-91
-86
-81
-84
-96
-102
-89
-83
-89
-87
-75
-78
-84
-82
-89
-90
-94
-80
-46
-34
-49
-57
-63
-59
-48
-62
-67
-58
-21
20
14
-3
-9
-21
-33
-18
-16
-15
15
15
-2
4
19
33
33
22
20
15
5
15
37
40
23
27
53
60
41
27
40
57
66
74
74
68
56
40
48
66
75
60
46
47
43
45
44
65
86
80
60
76
95
79
84
96
99
103
84
67
75
80
78
67
47
42
48
52
32
5
-9
-6
12
8
4
-13
-37
-46
-33
7
12
-7
-7
6
-1
-24
-48
-53
-40
-28
-19
-4
-7
-25
-14
-4
1
4
-9
1
6
-13
-37
-68
-65
-58
-69
-87
-93
-64
-39
-40
-64
-77
-83
-72
-55
-64
-62
-44
-29
-25
-25
-33
-56
-74
-85
-72
-41
-32
-36
-32
-9
13
7
8
22
23
11
4
1
2
16
33
51
57
51
38
22
32
53
61
61
59
58
64
79
68
56
61
74
79
91
100
94
113
119
88
25
-4
28
37
31
31
14
7
6
-7
-17
-14
-5
-13
-39
-50
-50
-34
-21
-49
-76
-69
-53
-20
3
5
-10
-29
-33
-40
-40
-17
14
23
4
-3
21
26
19
38
46
42
37
37
47
42
29
24
21
31
43
32
15
7
7
9
21
13
-22
-24
-21
-18
-3
5
6
0
-1
15
10
-19
-33
-31
-8
-5
-20
-35
-71
-80
-65
-42
-19
-1
2
-6
-16
-46
-55
-53
-62
-68
-72
-63
-59
-63
-62
-54
-62
-74
-80
-82
-67
-60
-70
-74
-84
-93
-76
-48
-36
-42
-49
-58
-53
-54
-61
-74
-93
-89
-64
-28
7
19
9
-18
-28
-5
14
18
45
56
51
70
42
22
28
35
53
65
70
83
96
92
89
77
72
75
84
111
106
80
76
80
65
40
7
-12
-4
5
14
22
36
34
17
15
22
22
22
14
9
-6
-45
-75
-72
-61
-46
-18
-9
-33
-45
-70
-95
-97
-83
-47
-40
-56
-65
-62
-45
-47
-49
-39
-47
-66
-79
-72
-46
-44
-48
-44
-47
-33
-32
-40
-36
-29
-47
-64
-42
-19
-29
-42
-45
-49
-40
-26
-1
7
9
19
16
16
3
-7
7
34
52
44
17
18
38
32
20
19
40
67
76
64
59
71
90
98
83
69
67
71
60
35
27
31
43
83
95
77
73
48
37
42
56
73
76
91
67
32
35
50
63
54
51
51
46
52
29
9
17
11
19
30
29
32
1
-3
4
-16
-12
-6
-3
-18
-30
-24
-30
-28
-26
-35
-31
-19
-3
-5
-30
-39
-32
-23
-21
-49
-61
-51
-38
-13
7
16
9
4
8
0
-14
0
0
-7
9
15
0
0
23
20
23
47
52
37
23
23
24
24
23
-8
-34
-36
-52
-73
-99
-129
-128
-91
-54
-32
-40
-64
-68
-54
-34
-20
-40
-57
-29
11
21
-11
-42
-22
-24
-33
-4
7
-1
1
18
37
45
23
12
33
48
56
30
-5
-21
-25
0
20
17
-2
-26
-35
-36
-31
-11
1
2
5
2
4
-3
-18
-12
5
6
-20
-35
-15
25
42
19
-3
-15
-34
-28
3
33
42
37
39
35
40
39
9
-14
2
26
37
40
32
10
-12
-9
11
20
24
38
47
45
29
11
-8
-17
-12
2
20
30
31
12
10
27
20
1
-9
6
30
19
2
9
14
7
3
11
25
18
-7
-32
-42
-20
-6
-15
-18
-13
1
-4
-4
18
23
14
2
-9
-25
-34
-30
-28
-16
-15
-37
-49
-68
-64
-50
-65
-73
-68
-40
-37
-50
-23
-36
-59
-51
-61
-55
-43
-28
-30
-47
-61
-81
-71
-66
-80
-85
-81
-82
-66
-59
-86
-99
-88
-62
-58
-69
-56
-13
14
1
-14
-30
-34
-16
-13
-13
-5
-35
-39
10
26
19
22
19
11
20
34
47
62
76
78
63
66
71
74
82
73
97
141
137
125
137
125
132
159
162
175
156
130
146
165
152
130
145
169
181
178
150
121
120
124
121
122
140
164
168
136
96
97
101
90
99
109
104
111
107
80
55
39
25
8
-5
-19
-28
-10
-4
-17
-32
-34
-24
-30
-33
-44
-68
-67
-50
-60
-61
-75
-127
-181
-193
-192
-197
-175
-151
-137
-131
-130
-162
-212
-245
-271
-284
-293
-311
-307
-294
-316
-320
-295
-295
-306
-284
-239
-222
-208
-200
-213
-223
-213
-178
-128
-71
-27
-27
-43
-31
2
36
56
59
56
61
79
92
112
134
127
126
151
178
190
192
185
192
226
245
215
191
177
151
136
153
193
212
203
168
138
132
114
87
72
76
87
87
77
75
68
60
45
26
8
0
11
24
5
-24
-24
-28
-30
-19
-18
-20
-43
-69
-52
-19
-31
-53
-46
-55
-67
-49
-37
-32
-22
-32
-41
-33
-28
-36
-33
-4
21
6
-34
-37
-33
-49
-43
-31
-39
-42
-26
-3
0
-4
-14
-30
-22
25
38
15
15
0
-15
-16
-20
-18
-26
-45
-44
-38
-61
-62
-67
-63
-40
-31
-12
-20
-30
-38
-57
-59
-60
-49
-24
-6
-14
-16
-13
-23
-23
0
15
4
-20
-19
21
49
43
21
15
15
33
42
33
34
20
-3
-28
-18
4
15
18
15
30
36
22
18
26
36
49
44
20
20
33
35
39
35
9
-14
-21
-37
-58
-50
-19
6
28
24
6
-13
-22
-22
-19
-23
-18
15
31
48
58
44
26
13
12
13
18
35
46
52
40
30
31
15
23
32
23
15
27
32
0
-3
18
15
26
39
53
74
66
42
26
4
0
16
21
16
-10
-17
-8
-12
-2
1
3
2
-10
-16
-13
-14
-12
8
-2
-10
-6
-1
-6
-31
-36
-50
-72
-83
-99
-107
-99
-97
-120
-135
-134
-150
-152
-131
-121
-142
-141
-129
-168
-200
-192
-172
-166
-160
-136
-118
-102
-87
-82
-70
-67
-58
-35
-12
8
9
-1
9
20
18
21
28
41
55
63
83
92
88
85
70
76
105
129
150
153
178
205
199
216
242
243
239
247
264
271
240
207
184
190
209
204
212
233
221
182
159
148
119
97
99
88
78
68
51
52
54
32
4
-9
-3
14
29
19
-33
-70
-78
-63
-42
-34
-27
-11
-3
-10
-11
-11
-10
-23
-39
-49
-49
-26
-8
6
7
-15
-23
-9
-13
-41
-62
-75
-93
-111
-123
-115
-102
-83
-66
-89
-121
-129
-146
-186
-224
-250
-274
-296
-302
-307
-315
-310
-306
-296
-290
-270
-221
-219
-249
-253
-242
-245
-244
-212
-178
-165
-171
-176
-164
-147
-123
-91
-80
-77
-68
-51
-23
1
30
70
99
115
131
147
160
169
156
151
194
236
257
259
251
239
222
233
252
253
246
253
217
172
201
212
203
212
195
154
126
109
100
71
42
42
33
11
-4
7
-6
-33
-44
-68
-78
-65
-59
-63
-79
-109
-106
-96
-96
-101
-93
-68
-65
-44
-23
-29
-16
-1
3
29
54
60
57
70
71
74
97
113
140
145
143
161
160
154
151
135
137
161
193
228
232
224
196
154
154
166
170
187
192
180
182
183
186
172
147
134
123
131
160
170
137
87
39
-46
-192
-313
-334
-309
-306
-300
-253
-219
-270
-351
-375
-364
-378
-412
-441
-432
-413
-433
-499
-529
-486
-453
-473
-463
-378
-305
-308
-353
-368
-346
-318
-287
-249
-168
-69
-23
-41
-26
46
89
103
128
194
263
290
291
310
327
309
284
250
248
260
251
258
278
266
221
167
144
165
185
159
119
112
126
136
88
18
-15
-9
6
23
61
99
96
60
21
8
14
-1
-22
-41
-59
-51
-27
-15
-11
-9
-38
-81
-67
-5
24
9
5
10
21
36
44
52
52
25
-4
8
29
41
32
21
37
31
31
63
82
87
101
109
106
114
117
115
129
131
132
128
123
114
96
87
75
66
31
10
36
35
-10
-61
-88
-62
-29
-37
-44
-32
-20
-27
-29
-22
2
39
31
13
28
61
70
50
45
57
59
34
14
23
29
36
80
129
140
148
164
151
118
107
131
149
154
171
193
198
192
172
144
139
168
194
172
134
96
15
-80
-128
-189
-286
-339
-322
-273
-235
-220
-205
-201
-193
-205
-253
-269
-266
-299
-358
-404
-409
-406
-421
-411
-372
-348
-344
-300
-255
-258
-277
-291
-309
-288
-216
-159
-92
-32
-22
-11
4
26
64
114
128
140
187
186
176
202
206
210
206
183
176
176
170
139
103
90
99
103
115
142
144
120
86
81
89
73
40
23
34
58
69
29
-18
2
39
29
-8
-47
-71
-85
-91
-91
-90
-85
-79
-62
-47
-41
-35
-32
-7
14
13
7
2
11
12
7
20
23
25
21
9
15
22
36
58
78
97
101
107
135
163
158
161
182
191
183
162
142
166
210
229
216
213
231
211
162
139
162
183
173
149
138
130
125
106
72
74
85
84
80
98
106
54
17
30
59
80
56
14
15
43
48
9
-22
0
9
-42
-73
-64
-62
-58
-57
-77
-132
-207
-284
-431
-679
-867
-799
-579
-450
-389
-244
-81
-92
-281
-474
-504
-456
-538
-638
-548
-363
-304
-403
-456
-347
-270
-328
-375
-332
-264
-273
-287
-228
-168
-145
-114
-56
13
65
81
89
109
156
220
253
268
298
317
286
227
206
217
217
195
173
181
224
228
184
149
144
155
163
185
229
273
284
293
288
247
178
123
99
50
-5
-33
-14
54
94
101
117
133
117
52
-1
-7
14
44
83
112
114
106
83
57
34
20
31
33
17
13
17
23
1
-32
-68
-72
-23
10
17
47
90
107
115
116
136
177
178
157
142
140
170
187
178
178
184
171
151
163
180
173
153
156
181
208
207
167
140
165
199
178
121
89
116
147
135
130
170
228
211
113
58
54
48
49
82
147
180
142
52
-41
-87
-82
-64
-47
-21
2
15
25
36
-10
-165
-399
-678
-966
-1106
-907
-509
-198
-63
-41
-97
-299
-620
-855
-796
-564
-411
-370
-304
-209
-265
-517
-703
-629
-469
-386
-288
-78
94
60
-124
-318
-435
-457
-359
-162
56
224
320
325
244
149
77
52
90
161
224
257
267
266
215
104
15
1
19
45
75
95
119
122
90
65
79
124
120
119
191
251
235
166
105
48
-14
-58
-26
75
150
140
108
132
152
137
109
105
120
114
90
121
198
223
182
130
121
143
137
115
118
133
148
123
73
37
23
8
-7
-10
-18
-10
26
44
38
18
2
11
29
60
98
120
134
132
139
150
122
90
77
86
132
130
90
67
31
15
31
31
23
42
97
163
178
146
114
55
19
59
132
201
250
256
232
193
126
21
-43
0
61
94
121
158
187
142
37
-45
-53
-25
15
103
239
314
281
186
31
-217
-546
-841
-981
-924
-684
-321
-65
-101
-320
-541
-701
-795
-771
-572
-305
-176
-228
-369
-518
-662
-769
-726
-465
-156
6
-16
-114
-216
-365
-510
-549
-420
-171
96
269
290
205
65
-41
-41
85
296
504
591
529
409
284
180
158
232
368
514
563
450
264
101
-12
-33
58
215
389
480
416
286
162
41
-22
7
82
177
265
254
111
-65
-167
-180
-134
-33
75
116
92
23
-116
-285
-338
-251
-135
-45
18
91
128
45
-88
-139
-95
-35
-25
-15
47
89
18
-125
-178
-167
-157
-112
-24
90
145
133
125
119
111
137
188
236
279
299
286
280
307
309
284
247
218
210
227
259
260
235
200
190
192
166
167
202
215
175
92
67
122
181
199
198
188
145
76
18
21
71
80
42
85
197
199
105
48
52
43
5
-12
10
65
137
197
244
265
190
-34
-409
-783
-936
-876
-657
-298
1
-17
-349
-720
-903
-886
-712
-422
-129
1
-154
-512
-834
-920
-840
-700
-428
-84
92
-19
-268
-483
-598
-618
-531
-324
-118
-30
-47
-114
-210
-292
-217
-2
234
410
454
373
219
66
-21
20
183
359
448
411
267
79
-83
-137
-76
62
237
349
349
271
131
-8
-30
90
236
317
328
258
130
-19
-93
-45
43
84
45
-24
-13
58
52
-11
-13
75
127
71
57
109
101
38
16
124
274
269
115
50
120
121
4
-79
-57
-46
-98
-142
-133
-138
-180
-170
-79
8
38
17
7
27
50
114
208
277
259
214
216
213
179
130
135
176
131
54
95
172
160
124
93
83
102
119
145
190
286
286
183
168
263
307
229
171
207
235
231
259
295
274
241
271
307
316
253
133
96
135
173
186
203
235
225
222
218
198
227
149
-245
-750
-1019
-937
-608
-300
-168
-260
-572
-989
-1260
-1180
-739
-272
-128
-285
-562
-798
-938
-896
-675
-345
7
128
-38
-294
-492
-547
-510
-449
-369
-267
-227
-279
-325
-350
-367
-290
-99
80
183
258
267
199
130
122
201
340
443
461
440
372
268
166
108
91
54
37
115
249
257
158
103
99
141
235
358
414
347
247
153
133
251
340
295
187
79
58
97
60
3
44
101
36
-65
-24
67
53
17
54
142
214
188
90
20
14
-38
-85
-27
-5
-51
-97
-162
-204
-241
-289
-269
-209
-177
-152
-159
-196
-216
-193
-104
18
148
263
297
245
217
196
155
214
279
262
230
209
194
204
202
116
58
94
165
239
300
329
317
239
188
247
304
321
337
372
338
280
295
310
271
206
206
275
267
178
168
225
197
149
199
229
188
124
91
142
174
110
-2
-335
-857
-1066
-779
-297
-20
-143
-504
-813
-988
-1039
-849
-456
-176
-259
-586
-869
-1006
-944
-735
-499
-289
-184
-228
-382
-465
-410
-278
-191
-229
-293
-339
-366
-342
-283
-214
-176
-199
-175
-78
2
101
215
293
305
233
174
250
397
432
420
441
390
311
259
201
169
155
168
250
331
360
307
162
104
205
282
237
193
233
263
180
90
205
309
197
25
-18
85
93
-82
-151
-73
-80
-140
-156
-98
19
1
-131
-107
22
61
33
66
58
-66
-99
37
163
141
83
74
8
-89
-62
51
164
244
207
87
-9
-2
82
104
82
91
115
123
152
207
202
123
51
80
133
99
107
141
109
78
87
63
34
132
202
161
195
166
40
83
230
303
303
273
289
316
254
178
128
166
382
423
254
133
101
201
252
143
90
170
189
76
7
56
96
-98
-524
-835
-802
-507
-225
-187
-412
-670
-761
-810
-874
-732
-346
-79
-211
-529
-832
-968
-834
-595
-406
-293
-310
-402
-538
-661
-554
-300
-143
-161
-270
-346
-386
-378
-303
-205
-135
-128
-154
-174
-165
-127
-24
98
193
246
233
161
138
203
298
300
276
327
326
314
291
252
271
379
450
375
285
265
250
297
366
351
313
209
100
122
172
104
7
41
191
272
199
100
83
98
69
32
123
220
127
56
130
167
27
-23
207
368
285
137
33
3
4
7
71
89
29
-54
-96
-80
-82
-99
-50
81
138
116
94
133
245
289
206
107
110
175
186
173
155
107
108
152
149
80
38
75
119
135
105
51
12
2
59
135
151
161
212
216
205
252
270
252
261
249
182
173
260
236
105
82
153
172
141
110
170
204
63
-62
12
208
199
-65
-338
-471
-589
-804
-848
-635
-481
-577
-858
-1067
-1027
-944
-893
-653
-367
-319
-531
-899
-1116
-1003
-764
-545
-353
-229
-253
-399
-552
-553
-348
-133
-71
-121
-164
-168
-244
-303
-218
-81
15
-4
-75
-130
-120
-4
98
29
-31
117
199
151
158
230
279
285
272
296
362
365
361
410
467
505
520
448
345
404
526
455
323
304
303
208
124
228
287
114
-69
-87
18
89
75
12
14
121
109
54
149
230
174
115
200
371
410
355
400
466
426
314
297
367
321
197
122
78
8
-62
-104
-110
-94
-144
-174
-74
-8
-48
-50
-31
-65
-35
68
104
90
165
283
316
270
214
141
95
113
72
12
12
24
-8
-79
-137
-101
13
119
110
-5
-52
33
95
114
191
288
349
346
364
372
278
177
161
189
208
204
222
223
117
-29
-164
-164
-28
41
-17
-107
-153
-253
-413
-580
-691
-571
-307
-190
-207
-280
-403
-531
-632
-618
-471
-328
-341
-484
-569
-550
-541
-525
-506
-479
-432
-407
-388
-402
-400
-341
-278
-257
-185
-62
7
7
-12
-98
-210
-241
-167
-55
-78
-95
-1
27
-81
-170
-102
84
227
219
133
36
29
112
150
151
221
365
405
342
368
448
422
323
296
390
489
454
327
241
242
238
220
292
358
301
195
126
109
94
40
35
80
59
21
93
207
178
25
-32
67
160
148
102
113
155
141
154
213
233
258
223
111
11
-13
-47
-136
-177
-184
-202
-246
-181
-87
-96
-140
-188
-205
-174
-85
47
130
155
150
151
196
201
101
36
85
131
122
110
50
-43
-98
-108
-6
35
-53
-65
87
184
47
-51
24
172
265
130
13
326
429
176
-316
-354
319
602
596
512
-77
-556
-300
290
427
26
-143
-105
-164
-3
213
182
-48
-330
-428
-382
-441
-370
-222
-310
-352
-233
-205
-81
3
-117
-63
50
-2
-230
-507
-684
-623
-395
-295
-340
-460
-478
-345
-385
-478
-413
-291
-183
-30
143
128
1
-56
-27
19
9
14
-18
-166
-214
-159
-223
-290
-247
-198
-206
-258
-289
-152
75
185
156
119
83
89
145
135
124
119
87
115
212
205
109
85
85
121
214
281
320
350
361
399
401
331
278
273
258
209
190
190
160
128
68
19
49
-9
-114
-95
-39
25
-41
55
238
443
263
-201
-231
-125
42
78
1
32
14
30
97
47
-69
-68
23
51
57
56
42
4
-7
87
193
229
153
-13
-83
7
118
183
147
128
109
22
-70
-137
-70
58
139
210
103
7
65
52
58
-12
-148
-89
20
83
104
91
57
-28
-47
-20
-16
-13
-32
-86
-60
-14
-60
-62
-46
-101
-95
-11
-6
-49
-79
-177
-232
-174
-159
-97
-44
-108
-104
-82
-168
-226
-207
-179
-123
-91
-100
-94
-128
-202
-221
-146
-86
-102
-180
-256
-249
-236
-223
-126
-61
-40
-71
-115
-102
-96
-30
53
68
74
47
33
62
44
44
86
121
101
-9
-77
-6
-8
-63
-1
76
122
176
174
150
107
89
92
175
304
235
146
125
2
-47
16
54
62
81
49
2
-21
-39
-94
-94
-60
-18
119
139
30
72
33
-43
54
98
60
42
-38
-110
-130
-151
-119
-63
-36
-44
-93
-135
-128
-97
-131
-185
-166
-148
-164
-129
-132
-141
-104
-135
-190
-178
-202
-147
-13
19
-31
-65
-86
-158
-138
-63
-22
55
106
44
-75
-83
-63
-158
-182
-33
114
119
92
84
79
103
31
51
156
80
-33
-63
-29
9
14
-14
17
36
60
91
72
77
45
46
114
114
19
-48
-27
-62
-128
-178
-224
-231
-208
-170
-201
-171
-98
-135
-98
-19
-5
-61
-83
-47
10
82
75
48
13
-63
-76
-79
-115
-135
-140
-108
-102
-164
-175
-78
-39
-3
86
58
26
96
21
-112
-29
120
92
84
166
159
92
120
141
111
136
82
29
108
133
132
147
139
126
130
108
73
99
94
87
123
61
20
81
75
65
69
-21
-64
43
97
110
127
26
-15
93
43
29
167
166
129
196
132
5
95
90
-20
104
120
-20
52
111
68
59
14
-42
37
91
8
36
85
1
25
35
-14
10
-15
-12
24
17
-57
-96
-27
-54
-63
-19
-88
-103
-56
-1
51
49
32
-21
-5
43
-45
-27
4
-65
-37
-54
-70
38
73
-20
-91
0
6
12
126
21
-96
-15
-3
-78
-32
39
73
102
62
-18
-4
25
-37
-56
-16
-66
-98
-71
-102
-116
-100
-73
-2
46
85
109
109
118
120
115
99
106
40
-30
3
-13
-104
-132
-135
-108
-75
-94
-84
-105
-47
8
-49
93
149
14
48
80
120
222
194
140
202
216
112
117
154
75
69
25
5
34
-75
-108
-79
-70
7
51
-60
-132
-7
37
-26
98
225
122
62
102
111
182
240
189
105
112
164
87
77
244
232
101
80
56
-60
-105
26
-26
-57
78
-10
-137
-125
-101
-128
-12
148
29
10
49
-49
-17
13
-20
-23
-18
-33
-75
23
86
-35
-72
-106
-161
-58
6
-43
-69
-45
-102
-198
-181
-149
-143
-49
-16
-53
-41
-65
-121
-167
-118
-44
-45
-6
3
-40
-61
16
115
126
84
37
83
158
166
100
-2
35
88
107
117
60
73
54
29
107
87
134
267
212
123
152
100
-63
-17
-9
-169
-141
-98
-257
-343
-231
-225
-219
-137
-140
-153
-198
-231
-219
-206
-238
-209
-70
-83
-176
-263
-360
-371
-347
-355
-490
-479
-272
-222
-204
-121
-119
-99
-86
-77
13
38
67
127
62
-10
-7
35
88
36
-30
28
32
44
-54
-147
-45
32
92
13
-39
61
2
-1
96
51
-14
20
20
-8
78
86
-5
-76
-27
158
277
323
288
299
333
342
302
154
226
461
605
557
368
266
209
184
158
215
330
318
325
339
274
262
227
210
192
141
83
-11
15
41
5
135
256
260
206
124
150
142
118
177
137
189
346
308
197
98
42
4
23
4
-123
-140
-154
-200
-124
-73
-111
-182
-213
-197
-187
-174
-221
-259
-192
-213
-333
-333
-328
-279
-159
-142
-81
-22
-36
-113
-171
-195
-229
-131
58
145
99
54
35
-57
-134
-104
-51
29
107
79
-11
-34
-81
-168
-102
-24
-57
-95
-134
-80
-57
-118
-74
-89
-59
45
15
-19
34
-43
-113
15
121
119
84
62
0
-28
-73
-123
-58
31
90
179
143
-55
-158
-106
-89
-77
-11
-1
-38
-34
-84
-154
-139
-102
-48
33
123
148
42
-28
-21
-56
-51
21
20
85
151
41
-2
-31
-80
-22
61
72
52
4
-22
-18
-78
-133
-107
-32
56
116
81
-77
-170
-139
-97
-71
5
13
-79
-120
-137
-157
-223
-248
-87
-58
-161
-113
-102
-214
-311
-282
-174
-138
-173
-176
-87
-5
-56
-138
-90
-46
-76
-11
66
50
-25
-125
-203
-151
-121
-133
-27
-10
-53
-111
-199
-155
2
17
-79
-16
85
102
145
111
88
156
61
-19
51
84
17
-84
-123
-45
-1
-35
25
131
46
-59
-16
28
22
-9
4
10
62
132
115
152
140
77
71
17
7
110
199
139
50
41
57
92
92
50
75
124
83
65
97
76
25
-34
10
129
96
71
102
141
168
100
110
166
145
138
116
91
-29
-70
19
-30
-25
27
-8
-60
-55
-20
-75
-59
-25
-59
-44
-60
-40
43
71
20
-72
-55
-5
-72
-55
25
-4
-112
-134
-112
-126
-135
-126
-61
64
8
-101
-73
-57
-50
-22
-53
-89
-31
62
79
22
-70
-29
21
-73
-65
12
5
-70
-15
104
47
-64
-55
10
-23
-65
-6
19
-72
-139
-46
24
-38
-109
-137
-82
-84
-144
-136
-75
-42
-69
-60
-63
-99
-77
87
125
-81
-208
-82
54
51
-2
-87
-80
-86
-139
-81
-59
-123
-114
46
216
297
223
112
85
118
153
190
291
349
264
109
-29
-77
-57
-12
-40
-93
-62
-108
-122
-54
-93
-125
-65
-18
44
109
111
160
186
185
254
234
64
-43
-90
-99
-19
79
187
311
285
134
19
-78
-166
-185
-73
63
91
86
147
208
179
141
93
59
111
154
148
146
131
90
107
173
219
228
191
141
134
164
93
22
32
5
6
17
40
80
33
42
114
123
137
140
93
32
-49
-65
0
15
50
122
83
-3
-17
-21
-32
-43
-56
-38
19
21
18
42
-39
-59
18
40
39
-34
-81
-88
-75
-36
-73
-78
-60
-58
-81
-53
29
-12
-84
-150
-214
-138
-54
-35
-29
-42
-105
-79
-24
-52
-3
66
29
-29
-34
-58
-82
-58
-46
-17
-20
-55
-68
-89
-135
-205
-190
-102
-73
-72
-54
-87
-149
-127
-132
-193
-195
-163
-80
4
-28
-130
-130
-21
36
10
0
-25
-104
-48
116
130
33
15
56
24
-62
-75
-1
45
40
35
60
61
75
37
-59
-5
102
124
69
-24
-21
60
68
22
56
86
55
27
-1
-4
50
65
2
-3
37
57
68
23
-99
-125
-56
54
163
83
-36
-35
-24
-74
-105
-58
-57
-51
10
-21
-55
-19
-69
-196
-229
-131
-8
4
-41
-141
-170
-99
-113
-138
-148
-51
20
-45
-18
6
33
32
-21
-51
-75
32
1
-95
-31
-66
-23
131
100
10
-18
31
78
64
42
34
106
126
20
52
107
80
72
18
25
182
202
59
36
92
110
134
124
62
69
141
87
41
75
24
-14
-66
-155
-136
-2
119
150
85
-63
-115
-45
17
25
14
57
70
59
35
-5
-3
-2
-5
10
7
-7
15
17
7
34
50
39
-10
-32
-11
40
50
5
19
35
51
79
47
-10
-23
30
81
100
68
62
99
78
52
57
87
139
177
153
100
106
72
4
28
80
89
105
122
96
49
16
17
14
-12
-6
29
2
-64
-61
-36
-62
-54
-28
-52
-68
-56
-62
-39
-9
6
44
28
-41
-59
-7
10
0
3
8
22
31
5
-36
-56
-38
-1
7
-17
-21
0
3
20
18
-31
-40
-12
-25
-90
-102
-65
-43
-14
-14
-70
-119
-91
-39
-29
12
36
41
16
-55
-75
-66
-6
24
7
33
26
-10
-55
-71
-16
15
20
-56
-111
-24
61
61
9
-17
29
30
-53
-52
25
54
5
-91
-51
68
60
-16
-36
-6
5
-26
-57
-64
-16
33
13
-21
-30
-48
-61
-57
-47
8
54
65
47
0
-6
6
-50
-79
48
107
22
-32
-47
-6
29
-32
-121
-115
10
73
-26
-181
-198
-57
61
12
-113
-99
19
62
-80
-209
-122
47
112
2
-112
-95
-36
-49
-128
-140
-36
53
28
-68
-130
-105
-72
-97
-122
-58
27
19
-54
-111
-83
-23
-11
-33
-48
-29
-3
-10
-87
-157
-125
-81
-86
-102
-65
2
-13
-68
-108
-97
-40
-26
-32
-52
-49
11
1
-90
-152
-113
-36
-30
-40
-13
17
15
-19
-48
-70
-78
-40
5
18
5
-15
-36
-53
-68
-86
-63
-17
14
57
66
21
-24
-59
-73
-46
-12
47
95
109
94
37
31
66
60
36
47
112
151
83
-1
-4
29
41
26
32
79
127
98
38
14
18
27
24
23
35
81
99
40
-9
19
56
50
4
-35
-4
64
95
39
-43
-58
-41
-41
-68
-96
-62
-23
-26
-97
-134
-87
-22
12
-24
-55
-33
29
51
8
-31
-50
-85
-157
-197
-191
-213
-254
-275
-281
-295
-325
-358
-337
-313
-342
-331
-308
-280
-260
-299
-296
-205
-140
-164
-204
-157
-23
50
11
-31
-18
41
68
39
8
-15
-3
28
51
89
108
97
69
40
90
169
209
214
209
242
289
325
354
395
418
386
337
361
424
451
419
359
358
399
423
432
440
451
457
457
418
368
350
330
329
325
303
291
288
270
229
210
226
223
198
183
216
219
157
135
152
149
107
100
202
331
399
408
354
226
104
24
-77
-293
-722
-1137
-1024
-335
268
192
-424
-920
-1083
-1194
-1223
-838
-117
188
-332
-1050
-1126
-689
-539
-759
-755
-356
-56
-211
-491
-445
-83
239
284
139
10
31
91
34
-54
-52
-23
-109
-290
-380
-292
-141
-104
-144
-133
-91
-52
23
176
325
350
318
346
412
390
286
263
303
340
352
322
240
146
80
93
168
163
140
194
205
149
99
53
-1
-56
-50
12
-3
-83
-131
-159
-216
-252
-155
-8
40
-14
-68
-29
47
79
129
229
298
290
210
157
183
211
243
235
162
83
14
0
20
16
34
73
61
27
62
138
151
134
150
168
208
249
249
269
302
314
313
322
355
339
301
338
362
298
215
170
236
356
370
316
260
204
185
215
278
331
340
335
340
345
346
353
260
-141
-763
-1044
-611
50
192
-287
-840
-1039
-1118
-1247
-1053
-424
16
-329
-1060
-1263
-786
-394
-506
-582
-208
208
105
-309
-450
-235
16
107
31
-184
-362
-415
-435
-420
-335
-251
-289
-459
-580
-494
-268
-101
-66
-59
-49
-29
24
121
296
430
432
402
386
325
239
213
271
376
460
461
361
185
33
28
118
139
98
39
-56
-163
-215
-124
12
33
-42
-92
-101
-132
-184
-146
-28
1
-63
-146
-141
-43
14
9
63
185
246
190
134
147
161
161
192
261
316
272
157
90
84
143
192
120
-2
-51
17
130
184
180
165
136
99
114
168
219
238
243
259
267
244
229
271
346
333
274
300
346
324
230
160
168
195
172
157
184
200
201
184
203
268
346
332
298
280
294
381
370
306
411
497
421
359
254
-108
-726
-1175
-883
-83
212
-289
-908
-1157
-1155
-1106
-878
-295
150
-191
-883
-1027
-524
-90
-164
-346
-179
50
-48
-303
-397
-300
-160
-107
-179
-364
-589
-656
-549
-405
-277
-201
-255
-414
-499
-343
-29
180
219
194
182
152
126
229
389
457
385
266
235
242
155
50
32
47
29
-4
-24
-67
-107
-53
64
132
94
-5
-72
-55
82
307
379
199
-24
-55
141
288
251
152
43
-78
-151
-70
131
232
110
-42
-27
93
180
215
230
235
249
295
343
358
335
308
319
303
226
163
140
136
150
190
205
131
6
-52
32
106
84
70
85
96
68
26
49
104
92
30
9
44
71
45
26
75
121
64
-34
-14
87
176
169
77
29
77
184
229
181
147
161
188
247
326
359
281
125
46
135
282
336
290
175
17
-283
-805
-1169
-925
-275
62
-233
-708
-909
-895
-875
-691
-217
104
-161
-693
-838
-549
-313
-339
-381
-297
-249
-348
-501
-530
-441
-333
-238
-286
-495
-702
-741
-564
-343
-214
-188
-235
-303
-316
-198
17
233
328
254
139
114
187
291
378
407
372
299
183
101
79
77
89
129
191
156
32
-54
-33
62
146
175
132
68
69
129
180
226
243
168
85
108
229
283
181
54
60
111
69
28
88
153
112
58
164
332
354
274
234
294
370
363
301
256
232
201
185
152
102
69
44
19
-3
0
20
53
46
-3
6
56
69
22
-6
27
66
79
98
142
157
97
16
25
114
146
124
136
134
93
28
57
162
150
34
-51
0
129
203
192
154
161
188
208
225
252
260
247
244
232
268
333
341
258
46
-353
-769
-823
-451
-49
-106
-513
-812
-882
-885
-802
-455
-42
-51
-532
-834
-605
-279
-257
-399
-351
-159
-117
-262
-376
-315
-189
-121
-146
-252
-420
-531
-462
-271
-78
-29
-138
-273
-256
-67
109
195
229
249
243
203
186
247
325
361
335
255
181
110
77
